38.0 37.0
39.0 38.0
38.0 38.0
38.0 38.0
38.0 38.0
38.0 38.0
38.0 38.0
38.0 38.0
38.0 37.0
38.0 37.0
38.0 38.0
37.0 40.0
37.0 38.0
38.0 41.0
40.0 43.0
37.0 40.0
38.0 39.0
39.0 38.0
40.0 40.0
39.0 38.0
43.0 40.0
41.0 86.0
40.0 39.0
42.0 44.0
41.0 39.0
44.0 41.0
41.0 45.0
42.0 41.0
56.0 48.0
41.0 44.0
39.0 44.0
42.0 48.0
41.0 43.0
44.0 47.0
38.0 47.0
39.0 45.0
37.0 47.0
37.0 45.0
38.0 42.0
37.0 49.0
35.0 43.0
36.0 48.0
35.0 43.0
36.0 44.0
40.0 42.0
36.0 40.0
37.0 43.0
36.0 38.0
38.0 42.0
35.0 41.0
41.0 39.0
43.0 38.0
41.0 39.0
39.0 37.0
38.0 36.0
42.0 40.0
49.0 38.0
47.0 38.0
41.0 47.0
44.0 39.0
38.0 49.0
38.0 39.0
38.0 39.0
43.0 40.0
39.0 40.0
37.0 45.0
45.0 42.0
37.0 52.0
36.0 51.0
37.0 43.0
39.0 42.0
38.0 51.0
35.0 44.0
34.0 44.0
34.0 46.0
34.0 47.0
37.0 44.0
35.0 38.0
38.0 38.0
41.0 37.0
37.0 37.0
34.0 44.0
37.0 40.0
38.0 40.0
35.0 38.0
35.0 37.0
38.0 38.0
38.0 50.0
36.0 46.0
37.0 46.0
36.0 44.0
36.0 46.0
36.0 41.0
37.0 44.0
37.0 42.0
37.0 44.0
35.0 46.0
37.0 49.0
35.0 46.0
41.0 46.0
37.0 46.0
40.0 48.0
38.0 47.0
43.0 42.0
44.0 48.0
38.0 44.0
46.0 45.0
43.0 46.0
38.0 45.0
44.0 45.0
38.0 45.0
39.0 42.0
40.0 43.0
39.0 42.0
39.0 45.0
39.0 42.0
47.0 45.0
41.0 42.0
40.0 38.0
42.0 48.0
41.0 41.0
40.0 42.0
42.0 48.0
39.0 47.0
39.0 46.0
40.0 46.0
45.0 45.0
46.0 44.0
41.0 42.0
41.0 42.0
41.0 42.0
46.0 44.0
41.0 46.0
42.0 46.0
48.0 40.0
42.0 40.0
41.0 39.0
43.0 37.0
45.0 40.0
45.0 46.0
51.0 39.0
45.0 36.0
44.0 37.0
49.0 43.0
68.0 39.0
46.0 41.0
48.0 39.0
46.0 36.0
50.0 35.0
51.0 34.0
49.0 36.0
51.0 43.0
50.0 37.0
49.0 30.0
50.0 37.0
50.0 31.0
52.0 33.0
56.0 32.0
53.0 37.0
53.0 35.0
59.0 31.0
57.0 29.0
53.0 32.0
51.0 31.0
51.0 37.0
52.0 32.0
48.0 33.0
52.0 37.0
51.0 35.0
48.0 32.0
50.0 33.0
49.0 39.0
50.0 34.0
47.0 41.0
48.0 36.0
54.0 34.0
50.0 35.0
48.0 33.0
47.0 34.0
47.0 42.0
47.0 36.0
49.0 36.0
52.0 35.0
49.0 35.0
52.0 35.0
49.0 50.0
54.0 42.0
47.0 37.0
47.0 39.0
46.0 36.0
46.0 42.0
53.0 37.0
48.0 37.0
45.0 35.0
44.0 40.0
43.0 40.0
43.0 36.0
43.0 42.0
44.0 36.0
44.0 41.0
45.0 45.0
48.0 52.0
44.0 42.0
42.0 42.0
43.0 48.0
44.0 41.0
41.0 55.0
41.0 48.0
41.0 41.0
55.0 46.0
41.0 48.0
41.0 43.0
41.0 46.0
41.0 41.0
41.0 41.0
40.0 50.0
42.0 92.0
42.0 52.0
41.0 42.0
42.0 45.0
43.0 43.0
47.0 54.0
39.0 47.0
42.0 42.0
37.0 43.0
37.0 42.0
35.0 45.0
35.0 47.0
36.0 41.0
34.0 39.0
37.0 48.0
36.0 38.0
35.0 45.0
39.0 37.0
35.0 39.0
41.0 37.0
37.0 38.0
41.0 36.0
38.0 35.0
38.0 39.0
41.0 35.0
39.0 39.0
40.0 36.0
42.0 35.0
41.0 38.0
42.0 36.0
48.0 36.0
39.0 36.0
46.0 42.0
41.0 95.0
38.0 41.0
40.0 40.0
38.0 42.0
40.0 55.0
42.0 44.0
37.0 44.0
37.0 43.0
35.0 48.0
34.0 60.0
37.0 49.0
41.0 55.0
34.0 50.0
36.0 48.0
35.0 47.0
33.0 48.0
34.0 46.0
38.0 49.0
32.0 49.0
35.0 48.0
34.0 46.0
34.0 50.0
33.0 50.0
33.0 46.0
36.0 48.0
32.0 46.0
32.0 48.0
34.0 48.0
40.0 46.0
35.0 55.0
31.0 48.0
33.0 48.0
38.0 47.0
36.0 46.0
39.0 45.0
38.0 54.0
40.0 46.0
43.0 46.0
40.0 63.0
42.0 43.0
43.0 40.0
47.0 38.0
45.0 38.0
43.0 38.0
42.0 37.0
45.0 38.0
48.0 37.0
45.0 34.0
45.0 93.0
46.0 35.0
48.0 39.0
47.0 32.0
51.0 35.0
48.0 34.0
50.0 36.0
53.0 31.0
49.0 37.0
49.0 39.0
49.0 32.0
59.0 32.0
54.0 35.0
54.0 31.0
49.0 28.0
51.0 30.0
52.0 40.0
51.0 31.0
51.0 31.0
51.0 30.0
54.0 30.0
52.0 29.0
48.0 29.0
53.0 31.0
50.0 29.0
47.0 43.0
49.0 31.0
49.0 33.0
47.0 36.0
48.0 41.0
46.0 47.0
49.0 46.0
43.0 46.0
46.0 48.0
42.0 49.0
44.0 58.0
40.0 44.0
43.0 51.0
41.0 54.0
46.0 50.0
43.0 56.0
44.0 55.0
38.0 64.0
41.0 63.0
37.0 67.0
38.0 54.0
39.0 50.0
40.0 48.0
41.0 46.0
52.0 44.0
43.0 45.0
46.0 43.0
45.0 45.0
45.0 46.0
46.0 57.0
43.0 46.0
44.0 46.0
51.0 47.0
47.0 48.0
44.0 52.0
51.0 48.0
45.0 53.0
47.0 55.0
48.0 57.0
46.0 56.0
47.0 57.0
48.0 58.0
50.0 49.0
48.0 49.0
50.0 49.0
51.0 50.0
50.0 54.0
53.0 61.0
53.0 50.0
53.0 49.0
56.0 49.0
54.0 49.0
55.0 54.0
53.0 49.0
55.0 55.0
59.0 50.0
53.0 53.0
54.0 55.0
55.0 48.0
51.0 49.0
50.0 63.0
52.0 52.0
52.0 52.0
53.0 51.0
52.0 53.0
50.0 59.0
50.0 55.0
50.0 53.0
49.0 54.0
50.0 63.0
47.0 53.0
44.0 53.0
43.0 53.0
46.0 54.0
43.0 57.0
40.0 61.0
45.0 55.0
47.0 54.0
41.0 58.0
39.0 55.0
38.0 54.0
42.0 55.0
42.0 61.0
44.0 54.0
41.0 50.0
44.0 57.0
41.0 51.0
40.0 48.0
42.0 58.0
42.0 47.0
42.0 45.0
43.0 45.0
43.0 46.0
44.0 48.0
44.0 44.0
46.0 44.0
45.0 50.0
45.0 42.0
44.0 38.0
46.0 39.0
48.0 39.0
47.0 37.0
69.0 37.0
49.0 45.0
50.0 32.0
48.0 94.0
51.0 32.0
49.0 43.0
49.0 33.0
47.0 32.0
46.0 31.0
46.0 30.0
47.0 32.0
46.0 31.0
47.0 42.0
46.0 31.0
48.0 28.0
46.0 28.0
45.0 36.0
45.0 33.0
44.0 35.0
43.0 27.0
49.0 27.0
43.0 35.0
45.0 24.0
48.0 23.0
44.0 26.0
49.0 26.0
49.0 30.0
43.0 28.0
41.0 31.0
40.0 34.0
43.0 30.0
48.0 30.0
36.0 30.0
47.0 29.0
43.0 33.0
35.0 30.0
35.0 31.0
36.0 43.0
38.0 39.0
33.0 36.0
35.0 40.0
41.0 36.0
34.0 35.0
33.0 35.0
35.0 33.0
42.0 35.0
40.0 39.0
38.0 39.0
37.0 41.0
38.0 34.0
38.0 35.0
45.0 36.0
41.0 35.0
38.0 38.0
40.0 38.0
42.0 40.0
40.0 38.0
41.0 37.0
43.0 48.0
45.0 37.0
43.0 46.0
48.0 41.0
43.0 39.0
44.0 38.0
43.0 40.0
48.0 47.0
44.0 50.0
42.0 47.0
45.0 43.0
44.0 63.0
42.0 45.0
47.0 53.0
42.0 50.0
45.0 45.0
44.0 48.0
43.0 47.0
44.0 48.0
44.0 51.0
44.0 48.0
43.0 51.0
42.0 48.0
44.0 48.0
42.0 50.0
41.0 55.0
42.0 49.0
41.0 47.0
41.0 47.0
43.0 45.0
41.0 46.0
46.0 46.0
40.0 52.0
42.0 44.0
41.0 52.0
41.0 43.0
41.0 50.0
43.0 44.0
41.0 52.0
42.0 47.0
41.0 45.0
41.0 42.0
41.0 44.0
42.0 43.0
48.0 43.0
39.0 50.0
43.0 44.0
40.0 50.0
41.0 50.0
38.0 49.0
44.0 51.0
38.0 44.0
40.0 49.0
38.0 51.0
40.0 49.0
42.0 55.0
39.0 46.0
36.0 45.0
36.0 47.0
39.0 51.0
39.0 50.0
40.0 51.0
40.0 45.0
44.0 41.0
42.0 47.0
45.0 42.0
43.0 46.0
42.0 48.0
43.0 43.0
47.0 41.0
40.0 39.0
45.0 41.0
44.0 38.0
41.0 39.0
43.0 38.0
45.0 37.0
45.0 41.0
47.0 44.0
46.0 36.0
46.0 35.0
46.0 40.0
47.0 33.0
47.0 33.0
47.0 39.0
46.0 40.0
46.0 37.0
51.0 37.0
46.0 38.0
46.0 40.0
44.0 36.0
97.0 38.0
46.0 39.0
44.0 40.0
45.0 43.0
48.0 37.0
44.0 34.0
54.0 35.0
50.0 35.0
46.0 36.0
45.0 35.0
45.0 33.0
44.0 36.0
44.0 36.0
46.0 41.0
47.0 35.0
42.0 45.0
44.0 33.0
43.0 35.0
40.0 39.0
39.0 35.0
38.0 38.0
39.0 40.0
37.0 35.0
38.0 37.0
37.0 43.0
35.0 37.0
43.0 42.0
42.0 35.0
37.0 35.0
46.0 32.0
50.0 40.0
36.0 32.0
43.0 33.0
46.0 32.0
44.0 34.0
47.0 36.0
87.0 35.0
45.0 37.0
53.0 36.0
42.0 36.0
45.0 35.0
43.0 48.0
41.0 35.0
42.0 35.0
42.0 34.0
42.0 43.0
42.0 35.0
40.0 35.0
42.0 37.0
41.0 37.0
43.0 35.0
45.0 31.0
45.0 33.0
49.0 30.0
47.0 30.0
50.0 34.0
44.0 32.0
45.0 29.0
52.0 27.0
48.0 33.0
100.0 31.0
48.0 27.0
50.0 27.0
51.0 26.0
48.0 34.0
50.0 28.0
49.0 39.0
49.0 29.0
48.0 35.0
50.0 35.0
49.0 28.0
50.0 31.0
50.0 28.0
50.0 27.0
51.0 29.0
48.0 31.0
49.0 33.0
51.0 31.0
53.0 34.0
51.0 31.0
48.0 33.0
48.0 36.0
49.0 32.0
46.0 41.0
44.0 47.0
43.0 40.0
43.0 57.0
43.0 47.0
41.0 42.0
41.0 53.0
43.0 43.0
39.0 48.0
37.0 42.0
39.0 50.0
39.0 40.0
38.0 52.0
36.0 48.0
36.0 40.0
35.0 54.0
36.0 50.0
35.0 53.0
36.0 44.0
39.0 47.0
39.0 40.0
39.0 50.0
43.0 47.0
43.0 36.0
41.0 35.0
38.0 34.0
41.0 36.0
44.0 31.0
47.0 31.0
49.0 30.0
50.0 28.0
52.0 27.0
54.0 27.0
50.0 32.0
52.0 27.0
55.0 32.0
55.0 23.0
57.0 24.0
56.0 25.0
54.0 22.0
58.0 22.0
56.0 22.0
57.0 29.0
57.0 20.0
57.0 23.0
58.0 20.0
57.0 27.0
56.0 22.0
57.0 21.0
61.0 26.0
58.0 29.0
55.0 27.0
53.0 32.0
55.0 23.0
51.0 28.0
51.0 26.0
52.0 28.0
51.0 31.0
49.0 38.0
49.0 35.0
50.0 43.0
47.0 35.0
47.0 35.0
43.0 36.0
46.0 36.0
46.0 35.0
44.0 34.0
48.0 34.0
44.0 39.0
48.0 37.0
44.0 35.0
44.0 36.0
47.0 44.0
43.0 36.0
41.0 36.0
40.0 36.0
41.0 37.0
44.0 38.0
40.0 50.0
40.0 36.0
37.0 38.0
43.0 35.0
39.0 38.0
39.0 37.0
40.0 34.0
45.0 37.0
46.0 32.0
39.0 34.0
42.0 38.0
40.0 37.0
44.0 33.0
40.0 42.0
44.0 36.0
41.0 33.0
40.0 32.0
40.0 78.0
42.0 41.0
40.0 34.0
40.0 35.0
40.0 40.0
41.0 36.0
40.0 41.0
40.0 35.0
42.0 36.0
42.0 48.0
44.0 38.0
43.0 38.0
43.0 38.0
43.0 36.0
48.0 38.0
41.0 42.0
40.0 36.0
42.0 44.0
43.0 36.0
42.0 37.0
42.0 47.0
47.0 38.0
42.0 38.0
40.0 37.0
42.0 38.0
46.0 49.0
48.0 39.0
43.0 38.0
38.0 0.0
36.0 42.0
35.0 44.0
35.0 45.0
36.0 43.0
36.0 44.0
34.0 44.0
35.0 48.0
35.0 46.0
42.0 46.0
36.0 45.0
37.0 50.0
42.0 45.0
37.0 47.0
42.0 46.0
37.0 46.0
35.0 49.0
35.0 46.0
37.0 47.0
39.0 56.0
34.0 53.0
43.0 47.0
35.0 48.0
40.0 51.0
35.0 49.0
35.0 48.0
36.0 63.0
32.0 54.0
37.0 53.0
45.0 50.0
30.0 54.0
34.0 57.0
37.0 49.0
33.0 49.0
112.0 57.0
34.0 46.0
37.0 46.0
43.0 46.0
36.0 44.0
37.0 45.0
36.0 50.0
45.0 45.0
45.0 43.0
43.0 43.0
45.0 46.0
43.0 41.0
46.0 41.0
42.0 45.0
47.0 43.0
57.0 43.0
48.0 41.0
45.0 45.0
46.0 37.0
46.0 38.0
48.0 54.0
53.0 36.0
49.0 36.0
50.0 37.0
50.0 34.0
54.0 35.0
51.0 35.0
51.0 37.0
52.0 36.0
56.0 37.0
51.0 34.0
55.0 34.0
52.0 29.0
52.0 34.0
57.0 29.0
57.0 27.0
58.0 28.0
56.0 26.0
56.0 27.0
56.0 26.0
60.0 37.0
55.0 31.0
57.0 26.0
56.0 32.0
56.0 31.0
57.0 35.0
61.0 27.0
63.0 24.0
57.0 30.0
55.0 125.0
54.0 34.0
59.0 31.0
56.0 35.0
53.0 123.0
51.0 38.0
50.0 39.0
48.0 41.0
48.0 36.0
45.0 46.0
45.0 41.0
43.0 43.0
42.0 41.0
42.0 50.0
40.0 44.0
38.0 46.0
39.0 51.0
37.0 50.0
38.0 44.0
33.0 42.0
32.0 42.0
36.0 42.0
43.0 39.0
42.0 40.0
40.0 40.0
41.0 42.0
46.0 43.0
42.0 44.0
42.0 42.0
45.0 35.0
46.0 40.0
44.0 32.0
44.0 34.0
44.0 31.0
45.0 31.0
47.0 34.0
46.0 31.0
47.0 40.0
46.0 32.0
46.0 31.0
49.0 35.0
47.0 31.0
52.0 32.0
48.0 33.0
51.0 45.0
46.0 37.0
46.0 34.0
45.0 35.0
46.0 35.0
46.0 37.0
45.0 35.0
45.0 34.0
44.0 37.0
47.0 36.0
43.0 36.0
41.0 40.0
42.0 37.0
43.0 39.0
44.0 46.0
42.0 43.0
43.0 46.0
40.0 43.0
36.0 50.0
43.0 46.0
35.0 51.0
38.0 49.0
36.0 46.0
36.0 61.0
37.0 45.0
37.0 52.0
39.0 46.0
39.0 42.0
45.0 42.0
44.0 53.0
39.0 48.0
40.0 41.0
40.0 88.0
54.0 41.0
40.0 41.0
43.0 42.0
41.0 85.0
41.0 42.0
40.0 42.0
39.0 43.0
43.0 43.0
40.0 42.0
46.0 50.0
42.0 40.0
41.0 46.0
44.0 42.0
38.0 42.0
39.0 46.0
41.0 43.0
37.0 44.0
40.0 44.0
39.0 43.0
36.0 52.0
40.0 56.0
40.0 51.0
36.0 51.0
35.0 48.0
34.0 59.0
40.0 63.0
38.0 48.0
32.0 48.0
33.0 47.0
33.0 49.0
46.0 57.0
37.0 46.0
33.0 49.0
33.0 51.0
34.0 51.0
36.0 61.0
34.0 49.0
38.0 49.0
38.0 56.0
33.0 50.0
33.0 54.0
37.0 52.0
41.0 50.0
43.0 70.0
46.0 61.0
46.0 61.0
53.0 48.0
51.0 49.0
54.0 58.0
58.0 48.0
60.0 41.0
55.0 41.0
60.0 47.0
60.0 38.0
60.0 39.0
63.0 27.0
66.0 32.0
67.0 39.0
69.0 29.0
67.0 28.0
68.0 29.0
69.0 32.0
70.0 28.0
69.0 29.0
75.0 31.0
71.0 35.0
71.0 31.0
77.0 0.0
72.0 30.0
72.0 27.0
72.0 35.0
74.0 31.0
73.0 28.0
70.0 29.0
68.0 31.0
69.0 31.0
70.0 32.0
71.0 31.0
67.0 39.0
68.0 36.0
71.0 35.0
67.0 33.0
66.0 37.0
63.0 35.0
63.0 35.0
62.0 36.0
61.0 36.0
59.0 40.0
59.0 41.0
57.0 38.0
56.0 38.0
53.0 38.0
51.0 48.0
56.0 41.0
55.0 40.0
48.0 48.0
50.0 43.0
46.0 42.0
45.0 52.0
47.0 42.0
42.0 48.0
43.0 55.0
47.0 44.0
42.0 45.0
41.0 45.0
40.0 45.0
44.0 45.0
41.0 44.0
41.0 43.0
39.0 51.0
43.0 53.0
40.0 44.0
43.0 44.0
40.0 46.0
41.0 54.0
37.0 44.0
38.0 53.0
38.0 41.0
38.0 95.0
36.0 46.0
39.0 52.0
35.0 42.0
36.0 40.0
36.0 38.0
35.0 39.0
34.0 38.0
32.0 37.0
37.0 36.0
32.0 35.0
37.0 35.0
33.0 34.0
31.0 35.0
34.0 34.0
35.0 37.0
39.0 36.0
30.0 40.0
32.0 39.0
33.0 35.0
36.0 34.0
38.0 34.0
35.0 39.0
35.0 36.0
36.0 35.0
28.0 35.0
36.0 36.0
29.0 38.0
27.0 56.0
32.0 43.0
28.0 46.0
32.0 46.0
28.0 47.0
27.0 48.0
29.0 46.0
29.0 47.0
29.0 44.0
29.0 51.0
40.0 48.0
36.0 47.0
28.0 50.0
35.0 54.0
27.0 51.0
32.0 52.0
30.0 50.0
27.0 51.0
29.0 53.0
28.0 63.0
27.0 54.0
27.0 57.0
26.0 57.0
26.0 58.0
27.0 56.0
31.0 57.0
27.0 59.0
26.0 59.0
35.0 59.0
30.0 62.0
30.0 60.0
31.0 61.0
29.0 62.0
29.0 63.0
30.0 70.0
30.0 62.0
30.0 62.0
27.0 65.0
27.0 72.0
26.0 62.0
29.0 61.0
26.0 59.0
26.0 58.0
31.0 59.0
31.0 58.0
27.0 63.0
38.0 68.0
26.0 56.0
32.0 58.0
29.0 59.0
33.0 58.0
27.0 56.0
28.0 58.0
33.0 60.0
30.0 59.0
30.0 57.0
29.0 59.0
25.0 57.0
32.0 58.0
27.0 65.0
26.0 59.0
25.0 56.0
25.0 56.0
27.0 56.0
28.0 61.0
28.0 65.0
31.0 80.0
31.0 57.0
32.0 67.0
34.0 58.0
44.0 58.0
37.0 56.0
37.0 58.0
40.0 48.0
37.0 52.0
40.0 49.0
42.0 50.0
41.0 48.0
40.0 49.0
43.0 49.0
42.0 50.0
44.0 48.0
45.0 39.0
41.0 40.0
44.0 42.0
42.0 42.0
44.0 40.0
45.0 63.0
40.0 49.0
38.0 44.0
37.0 59.0
39.0 53.0
39.0 58.0
39.0 51.0
40.0 59.0
34.0 58.0
35.0 54.0
31.0 48.0
31.0 47.0
32.0 50.0
32.0 53.0
32.0 48.0
30.0 50.0
31.0 49.0
37.0 48.0
32.0 49.0
35.0 50.0
32.0 52.0
30.0 58.0
29.0 52.0
28.0 53.0
31.0 51.0
28.0 51.0
29.0 50.0
30.0 49.0
30.0 48.0
30.0 48.0
33.0 49.0
31.0 50.0
37.0 48.0
32.0 45.0
33.0 46.0
32.0 46.0
33.0 47.0
31.0 45.0
43.0 56.0
38.0 41.0
33.0 45.0
33.0 42.0
30.0 45.0
33.0 45.0
32.0 46.0
30.0 43.0
30.0 42.0
29.0 45.0
30.0 42.0
29.0 44.0
28.0 46.0
35.0 47.0
33.0 60.0
34.0 45.0
28.0 48.0
27.0 49.0
30.0 50.0
33.0 53.0
57.0 51.0
29.0 47.0
39.0 46.0
38.0 46.0
35.0 46.0
38.0 48.0
40.0 45.0
41.0 43.0
40.0 42.0
36.0 43.0
37.0 40.0
39.0 40.0
38.0 40.0
44.0 40.0
40.0 40.0
38.0 37.0
42.0 36.0
38.0 36.0
38.0 39.0
41.0 36.0
40.0 38.0
40.0 41.0
41.0 35.0
44.0 36.0
35.0 35.0
33.0 39.0
33.0 49.0
36.0 46.0
34.0 52.0
35.0 49.0
29.0 49.0
29.0 52.0
28.0 53.0
27.0 59.0
30.0 59.0
25.0 75.0
27.0 60.0
24.0 65.0
23.0 57.0
24.0 60.0
29.0 55.0
26.0 54.0
26.0 53.0
32.0 53.0
26.0 54.0
27.0 64.0
27.0 64.0
34.0 54.0
29.0 52.0
36.0 54.0
32.0 53.0
27.0 57.0
27.0 53.0
30.0 52.0
31.0 58.0
28.0 58.0
31.0 52.0
37.0 50.0
35.0 49.0
36.0 58.0
37.0 54.0
46.0 63.0
42.0 67.0
42.0 59.0
40.0 50.0
41.0 394.0
56.0 48.0
44.0 40.0
45.0 37.0
44.0 47.0
44.0 52.0
48.0 63.0
47.0 36.0
47.0 39.0
49.0 37.0
53.0 39.0
55.0 29.0
51.0 36.0
51.0 24.0
54.0 23.0
60.0 28.0
59.0 20.0
60.0 18.0
62.0 26.0
58.0 19.0
59.0 18.0
58.0 18.0
62.0 26.0
63.0 18.0
60.0 18.0
59.0 23.0
59.0 22.0
60.0 18.0
60.0 17.0
60.0 15.0
60.0 15.0
60.0 15.0
60.0 24.0
62.0 11.0
65.0 13.0
57.0 17.0
56.0 13.0
57.0 14.0
58.0 18.0
60.0 19.0
56.0 21.0
56.0 22.0
60.0 20.0
58.0 19.0
58.0 20.0
55.0 20.0
57.0 23.0
54.0 23.0
53.0 21.0
53.0 22.0
53.0 22.0
52.0 33.0
52.0 25.0
52.0 33.0
54.0 33.0
53.0 28.0
53.0 27.0
52.0 26.0
50.0 41.0
51.0 30.0
49.0 30.0
51.0 31.0
52.0 29.0
54.0 32.0
50.0 34.0
49.0 41.0
48.0 42.0
46.0 36.0
46.0 38.0
47.0 39.0
45.0 49.0
43.0 36.0
45.0 35.0
52.0 37.0
40.0 39.0
43.0 37.0
42.0 42.0
41.0 43.0
45.0 44.0
38.0 56.0
39.0 42.0
35.0 43.0
37.0 43.0
36.0 48.0
34.0 50.0
33.0 49.0
35.0 46.0
43.0 49.0
69.0 50.0
33.0 53.0
33.0 48.0
35.0 50.0
34.0 62.0
35.0 46.0
36.0 52.0
37.0 45.0
36.0 52.0
40.0 45.0
37.0 44.0
40.0 46.0
39.0 50.0
44.0 45.0
43.0 43.0
38.0 44.0
39.0 44.0
42.0 44.0
42.0 44.0
40.0 53.0
45.0 44.0
46.0 45.0
42.0 41.0
46.0 41.0
41.0 46.0
49.0 42.0
45.0 42.0
46.0 43.0
46.0 43.0
42.0 39.0
45.0 45.0
41.0 50.0
45.0 43.0
48.0 39.0
46.0 47.0
44.0 39.0
46.0 41.0
43.0 39.0
42.0 40.0
42.0 52.0
42.0 39.0
43.0 39.0
44.0 38.0
45.0 42.0
45.0 38.0
46.0 40.0
49.0 45.0
46.0 41.0
45.0 40.0
46.0 41.0
46.0 47.0
48.0 44.0
45.0 39.0
44.0 38.0
45.0 42.0
46.0 37.0
43.0 45.0
42.0 39.0
42.0 44.0
42.0 44.0
41.0 39.0
43.0 46.0
42.0 39.0
48.0 42.0
52.0 42.0
46.0 45.0
48.0 50.0
49.0 44.0
41.0 42.0
41.0 42.0
47.0 51.0
49.0 44.0
44.0 49.0
39.0 48.0
38.0 57.0
39.0 52.0
38.0 59.0
39.0 58.0
34.0 54.0
38.0 56.0
35.0 68.0
33.0 57.0
36.0 61.0
33.0 65.0
30.0 56.0
28.0 55.0
30.0 58.0
28.0 54.0
28.0 56.0
27.0 65.0
28.0 57.0
30.0 55.0
23.0 56.0
29.0 60.0
26.0 57.0
23.0 60.0
26.0 70.0
18.0 66.0
17.0 58.0
29.0 59.0
20.0 56.0
21.0 62.0
25.0 59.0
26.0 69.0
24.0 65.0
30.0 51.0
28.0 56.0
33.0 51.0
30.0 58.0
36.0 57.0
32.0 45.0
34.0 52.0
33.0 43.0
36.0 41.0
36.0 45.0
38.0 42.0
38.0 45.0
38.0 39.0
41.0 42.0
41.0 37.0
42.0 38.0
39.0 39.0
43.0 35.0
43.0 36.0
41.0 36.0
42.0 37.0
42.0 37.0
45.0 38.0
41.0 39.0
43.0 42.0
43.0 40.0
44.0 38.0
42.0 42.0
43.0 41.0
41.0 41.0
41.0 41.0
39.0 49.0
46.0 57.0
40.0 47.0
45.0 42.0
38.0 43.0
40.0 49.0
37.0 47.0
37.0 45.0
35.0 52.0
34.0 49.0
35.0 48.0
33.0 47.0
33.0 59.0
31.0 49.0
30.0 48.0
34.0 48.0
32.0 60.0
30.0 52.0
36.0 53.0
28.0 61.0
29.0 70.0
34.0 55.0
33.0 53.0
26.0 55.0
29.0 58.0
28.0 57.0
34.0 60.0
23.0 59.0
24.0 57.0
25.0 67.0
27.0 54.0
27.0 54.0
29.0 55.0
30.0 53.0
29.0 58.0
31.0 55.0
35.0 50.0
34.0 50.0
32.0 52.0
34.0 58.0
35.0 49.0
36.0 49.0
35.0 47.0
36.0 49.0
34.0 48.0
42.0 46.0
34.0 46.0
37.0 45.0
39.0 48.0
34.0 44.0
38.0 47.0
38.0 52.0
35.0 47.0
37.0 49.0
36.0 50.0
37.0 43.0
37.0 48.0
35.0 46.0
34.0 43.0
37.0 46.0
35.0 44.0
34.0 55.0
34.0 47.0
33.0 92.0
33.0 56.0
33.0 50.0
34.0 50.0
32.0 84.0
31.0 67.0
31.0 58.0
30.0 56.0
30.0 60.0
149.0 65.0
33.0 52.0
32.0 50.0
35.0 51.0
39.0 66.0
39.0 51.0
37.0 52.0
32.0 50.0
34.0 55.0
34.0 47.0
33.0 48.0
35.0 51.0
33.0 50.0
35.0 54.0
34.0 48.0
34.0 47.0
36.0 52.0
37.0 50.0
39.0 65.0
36.0 50.0
39.0 57.0
39.0 53.0
39.0 52.0
44.0 53.0
39.0 50.0
47.0 49.0
45.0 49.0
46.0 48.0
60.0 49.0
53.0 48.0
51.0 46.0
52.0 48.0
53.0 53.0
52.0 44.0
56.0 42.0
58.0 43.0
56.0 43.0
57.0 43.0
58.0 44.0
58.0 41.0
60.0 50.0
62.0 43.0
63.0 40.0
64.0 40.0
69.0 45.0
64.0 37.0
66.0 39.0
65.0 37.0
65.0 39.0
67.0 37.0
64.0 40.0
64.0 34.0
69.0 35.0
64.0 37.0
67.0 35.0
75.0 35.0
67.0 35.0
63.0 35.0
64.0 35.0
64.0 36.0
68.0 40.0
64.0 37.0
62.0 35.0
61.0 35.0
64.0 47.0
64.0 34.0
60.0 36.0
63.0 34.0
58.0 36.0
64.0 34.0
57.0 35.0
60.0 42.0
55.0 34.0
56.0 39.0
56.0 39.0
54.0 44.0
53.0 40.0
53.0 36.0
54.0 35.0
54.0 33.0
55.0 35.0
50.0 34.0
50.0 37.0
51.0 40.0
53.0 34.0
51.0 37.0
50.0 35.0
48.0 42.0
50.0 36.0
57.0 35.0
46.0 45.0
46.0 38.0
47.0 34.0
44.0 34.0
43.0 35.0
43.0 36.0
48.0 33.0
43.0 34.0
46.0 34.0
42.0 35.0
41.0 35.0
41.0 36.0
39.0 39.0
42.0 40.0
44.0 37.0
37.0 36.0
35.0 34.0
35.0 35.0
39.0 33.0
33.0 32.0
37.0 35.0
35.0 33.0
38.0 40.0
45.0 41.0
35.0 41.0
41.0 40.0
30.0 36.0
36.0 34.0
38.0 33.0
37.0 73.0
37.0 31.0
37.0 32.0
35.0 36.0
47.0 32.0
37.0 31.0
39.0 31.0
49.0 31.0
56.0 31.0
42.0 30.0
45.0 34.0
44.0 31.0
42.0 32.0
41.0 34.0
41.0 42.0
52.0 38.0
40.0 35.0
39.0 37.0
39.0 37.0
49.0 41.0
38.0 40.0
39.0 48.0
40.0 41.0
37.0 45.0
37.0 47.0
42.0 45.0
38.0 44.0
36.0 49.0
35.0 49.0
35.0 56.0
35.0 53.0
33.0 58.0
35.0 52.0
35.0 59.0
34.0 55.0
33.0 54.0
35.0 58.0
34.0 58.0
35.0 56.0
40.0 64.0
36.0 59.0
34.0 61.0
33.0 59.0
34.0 56.0
37.0 57.0
39.0 56.0
37.0 57.0
31.0 58.0
37.0 58.0
32.0 55.0
35.0 56.0
29.0 57.0
31.0 60.0
36.0 57.0
29.0 55.0
28.0 55.0
28.0 62.0
28.0 57.0
33.0 63.0
29.0 56.0
29.0 58.0
27.0 64.0
27.0 58.0
30.0 56.0
28.0 58.0
31.0 58.0
34.0 62.0
27.0 56.0
31.0 55.0
29.0 54.0
35.0 60.0
34.0 61.0
45.0 58.0
32.0 53.0
45.0 52.0
35.0 53.0
35.0 56.0
39.0 49.0
38.0 48.0
38.0 48.0
40.0 48.0
39.0 66.0
38.0 52.0
39.0 44.0
39.0 47.0
41.0 45.0
40.0 45.0
45.0 52.0
42.0 42.0
42.0 44.0
43.0 54.0
38.0 44.0
38.0 52.0
44.0 45.0
40.0 50.0
40.0 42.0
49.0 42.0
40.0 49.0
41.0 41.0
41.0 39.0
42.0 42.0
43.0 47.0
42.0 44.0
42.0 42.0
40.0 46.0
38.0 46.0
39.0 43.0
50.0 48.0
37.0 46.0
43.0 56.0
40.0 52.0
40.0 66.0
34.0 54.0
34.0 51.0
33.0 52.0
34.0 57.0
30.0 53.0
34.0 57.0
36.0 53.0
39.0 53.0
30.0 52.0
33.0 52.0
30.0 50.0
31.0 48.0
34.0 48.0
32.0 49.0
38.0 49.0
38.0 52.0
34.0 49.0
35.0 45.0
36.0 47.0
38.0 44.0
38.0 46.0
36.0 50.0
38.0 42.0
38.0 47.0
35.0 45.0
41.0 38.0
36.0 37.0
36.0 35.0
36.0 36.0
35.0 34.0
35.0 37.0
34.0 40.0
36.0 34.0
35.0 34.0
36.0 36.0
37.0 39.0
36.0 41.0
34.0 36.0
36.0 37.0
35.0 45.0
35.0 38.0
35.0 46.0
34.0 40.0
40.0 49.0
36.0 38.0
39.0 39.0
39.0 43.0
40.0 36.0
47.0 37.0
46.0 36.0
47.0 38.0
57.0 45.0
55.0 35.0
55.0 33.0
54.0 33.0
54.0 27.0
58.0 25.0
56.0 26.0
58.0 22.0
54.0 30.0
56.0 20.0
55.0 22.0
59.0 18.0
58.0 17.0
58.0 16.0
57.0 21.0
57.0 16.0
58.0 15.0
59.0 15.0
57.0 23.0
57.0 22.0
54.0 15.0
52.0 17.0
52.0 21.0
52.0 18.0
37.0 46.0
35.0 45.0
39.0 41.0
40.0 56.0
40.0 49.0
36.0 52.0
35.0 45.0
33.0 45.0
32.0 50.0
31.0 51.0
30.0 53.0
32.0 53.0
38.0 53.0
31.0 48.0
34.0 48.0
33.0 45.0
32.0 46.0
33.0 45.0
33.0 46.0
34.0 45.0
38.0 45.0
40.0 45.0
38.0 50.0
34.0 46.0
32.0 43.0
34.0 52.0
34.0 44.0
35.0 42.0
37.0 45.0
35.0 43.0
38.0 42.0
33.0 41.0
35.0 41.0
93.0 41.0
35.0 39.0
52.0 40.0
33.0 51.0
33.0 43.0
39.0 42.0
40.0 43.0
39.0 54.0
34.0 52.0
35.0 50.0
32.0 50.0
35.0 54.0
36.0 44.0
31.0 45.0
32.0 46.0
30.0 46.0
33.0 47.0
33.0 46.0
30.0 46.0
28.0 49.0
31.0 49.0
29.0 47.0
31.0 56.0
34.0 51.0
36.0 48.0
34.0 50.0
33.0 48.0
38.0 51.0
32.0 46.0
34.0 50.0
33.0 45.0
45.0 43.0
34.0 45.0
35.0 43.0
38.0 44.0
37.0 48.0
36.0 45.0
38.0 49.0
36.0 45.0
41.0 48.0
37.0 41.0
37.0 46.0
39.0 54.0
40.0 45.0
41.0 45.0
38.0 40.0
47.0 41.0
41.0 42.0
41.0 40.0
39.0 39.0
41.0 42.0
47.0 45.0
45.0 38.0
41.0 38.0
45.0 43.0
42.0 37.0
43.0 37.0
43.0 39.0
44.0 36.0
46.0 36.0
47.0 35.0
46.0 35.0
46.0 36.0
53.0 35.0
48.0 37.0
51.0 36.0
53.0 37.0
48.0 34.0
50.0 39.0
50.0 35.0
56.0 36.0
52.0 31.0
55.0 38.0
53.0 35.0
57.0 33.0
56.0 35.0
53.0 28.0
55.0 31.0
58.0 31.0
61.0 29.0
52.0 31.0
54.0 30.0
54.0 32.0
51.0 36.0
50.0 32.0
50.0 33.0
51.0 38.0
48.0 35.0
47.0 34.0
50.0 46.0
48.0 34.0
47.0 96.0
46.0 38.0
44.0 36.0
45.0 38.0
45.0 39.0
46.0 46.0
45.0 48.0
43.0 44.0
43.0 39.0
42.0 42.0
43.0 51.0
43.0 43.0
45.0 46.0
44.0 44.0
42.0 41.0
46.0 40.0
54.0 47.0
49.0 39.0
54.0 37.0
48.0 38.0
53.0 39.0
49.0 38.0
51.0 37.0
48.0 36.0
47.0 48.0
47.0 38.0
47.0 41.0
45.0 39.0
44.0 41.0
43.0 45.0
48.0 42.0
48.0 44.0
43.0 46.0
42.0 51.0
45.0 40.0
40.0 40.0
46.0 46.0
47.0 43.0
50.0 45.0
47.0 41.0
45.0 38.0
47.0 47.0
42.0 43.0
42.0 40.0
43.0 46.0
45.0 38.0
47.0 39.0
46.0 36.0
45.0 45.0
44.0 37.0
44.0 37.0
44.0 38.0
44.0 47.0
46.0 36.0
44.0 36.0
46.0 36.0
99.0 40.0
45.0 41.0
47.0 37.0
47.0 37.0
45.0 40.0
46.0 36.0
45.0 44.0
44.0 53.0
46.0 45.0
55.0 45.0
41.0 41.0
42.0 38.0
41.0 38.0
39.0 40.0
44.0 42.0
34.0 55.0
35.0 54.0
33.0 54.0
33.0 49.0
40.0 40.0
37.0 43.0
39.0 41.0
36.0 47.0
33.0 42.0
33.0 40.0
35.0 47.0
43.0 47.0
33.0 45.0
35.0 42.0
32.0 43.0
42.0 46.0
35.0 43.0
37.0 44.0
37.0 39.0
36.0 38.0
39.0 45.0
37.0 49.0
41.0 42.0
38.0 43.0
39.0 40.0
42.0 39.0
38.0 42.0
39.0 40.0
42.0 40.0
37.0 98.0
39.0 41.0
39.0 54.0
38.0 41.0
38.0 43.0
40.0 42.0
39.0 43.0
38.0 42.0
37.0 44.0
40.0 49.0
39.0 45.0
36.0 45.0
36.0 44.0
35.0 48.0
40.0 43.0
40.0 43.0
46.0 45.0
38.0 42.0
39.0 46.0
39.0 44.0
39.0 52.0
49.0 45.0
43.0 43.0
39.0 40.0
47.0 41.0
40.0 40.0
38.0 41.0
39.0 41.0
46.0 39.0
41.0 41.0
43.0 41.0
39.0 41.0
43.0 43.0
44.0 44.0
41.0 45.0
42.0 42.0
42.0 45.0
39.0 43.0
43.0 50.0
40.0 52.0
39.0 43.0
48.0 45.0
44.0 46.0
47.0 43.0
43.0 40.0
52.0 38.0
50.0 38.0
46.0 39.0
50.0 35.0
50.0 36.0
52.0 35.0
50.0 34.0
51.0 31.0
51.0 37.0
53.0 35.0
51.0 32.0
52.0 32.0
53.0 34.0
53.0 25.0
56.0 27.0
54.0 32.0
58.0 29.0
56.0 24.0
55.0 26.0
58.0 34.0
54.0 33.0
60.0 31.0
57.0 33.0
55.0 32.0
57.0 55.0
53.0 43.0
54.0 45.0
53.0 41.0
51.0 40.0
54.0 52.0
54.0 38.0
56.0 35.0
67.0 34.0
57.0 35.0
58.0 36.0
55.0 38.0
59.0 38.0
57.0 42.0
58.0 39.0
60.0 46.0
60.0 40.0
60.0 47.0
59.0 41.0
60.0 41.0
59.0 41.0
60.0 48.0
58.0 48.0
59.0 46.0
65.0 43.0
61.0 46.0
62.0 48.0
59.0 45.0
61.0 46.0
59.0 50.0
56.0 45.0
53.0 55.0
54.0 51.0
53.0 50.0
55.0 49.0
53.0 50.0
57.0 48.0
52.0 50.0
52.0 53.0
53.0 48.0
53.0 46.0
51.0 46.0
54.0 46.0
51.0 45.0
51.0 45.0
51.0 53.0
49.0 49.0
52.0 47.0
51.0 48.0
47.0 46.0
46.0 48.0
47.0 46.0
47.0 44.0
47.0 48.0
49.0 45.0
44.0 45.0
49.0 43.0
46.0 43.0
44.0 42.0
44.0 44.0
43.0 44.0
43.0 42.0
57.0 42.0
45.0 40.0
44.0 43.0
43.0 43.0
44.0 51.0
42.0 41.0
49.0 46.0
45.0 50.0
42.0 39.0
42.0 37.0
42.0 35.0
51.0 37.0
52.0 38.0
42.0 35.0
42.0 42.0
42.0 38.0
44.0 33.0
43.0 36.0
43.0 31.0
42.0 31.0
42.0 33.0
42.0 28.0
43.0 35.0
41.0 27.0
42.0 29.0
41.0 31.0
40.0 33.0
39.0 31.0
43.0 32.0
36.0 30.0
38.0 30.0
34.0 32.0
37.0 31.0
41.0 32.0
35.0 32.0
34.0 38.0
32.0 32.0
35.0 34.0
34.0 32.0
33.0 31.0
40.0 30.0
37.0 32.0
35.0 31.0
39.0 31.0
36.0 33.0
36.0 31.0
42.0 37.0
40.0 30.0
87.0 32.0
43.0 31.0
46.0 28.0
44.0 28.0
45.0 30.0
47.0 35.0
47.0 29.0
47.0 27.0
46.0 37.0
46.0 33.0
44.0 31.0
46.0 33.0
46.0 34.0
45.0 31.0
46.0 35.0
46.0 44.0
45.0 37.0
46.0 37.0
50.0 40.0
48.0 36.0
47.0 34.0
47.0 34.0
48.0 36.0
48.0 40.0
50.0 35.0
53.0 35.0
51.0 36.0
51.0 36.0
55.0 36.0
50.0 38.0
49.0 43.0
49.0 44.0
54.0 45.0
49.0 44.0
48.0 58.0
51.0 46.0
48.0 45.0
47.0 52.0
54.0 44.0
46.0 48.0
45.0 43.0
47.0 43.0
46.0 46.0
44.0 44.0
52.0 43.0
47.0 44.0
43.0 42.0
44.0 43.0
45.0 43.0
43.0 41.0
44.0 45.0
44.0 41.0
44.0 40.0
49.0 41.0
45.0 41.0
45.0 50.0
49.0 38.0
44.0 40.0
44.0 39.0
44.0 39.0
43.0 38.0
43.0 48.0
43.0 40.0
44.0 38.0
44.0 39.0
50.0 37.0
43.0 57.0
42.0 53.0
42.0 43.0
57.0 40.0
45.0 44.0
44.0 48.0
40.0 50.0
41.0 78.0
36.0 48.0
37.0 86.0
42.0 45.0
37.0 52.0
37.0 48.0
35.0 60.0
43.0 45.0
36.0 49.0
36.0 48.0
37.0 48.0
44.0 61.0
36.0 55.0
38.0 48.0
37.0 45.0
38.0 44.0
41.0 43.0
38.0 44.0
39.0 48.0
38.0 44.0
39.0 48.0
40.0 44.0
40.0 44.0
40.0 39.0
41.0 44.0
40.0 41.0
40.0 38.0
40.0 41.0
39.0 45.0
38.0 46.0
40.0 47.0
41.0 41.0
40.0 40.0
39.0 41.0
41.0 40.0
44.0 40.0
42.0 39.0
48.0 37.0
41.0 38.0
41.0 39.0
43.0 35.0
40.0 36.0
42.0 37.0
41.0 33.0
42.0 42.0
43.0 32.0
43.0 34.0
48.0 29.0
46.0 31.0
40.0 35.0
41.0 31.0
40.0 30.0
42.0 31.0
39.0 30.0
40.0 36.0
40.0 35.0
43.0 40.0
40.0 35.0
42.0 36.0
40.0 37.0
42.0 35.0
41.0 35.0
43.0 34.0
89.0 35.0
39.0 37.0
42.0 38.0
39.0 46.0
41.0 36.0
39.0 37.0
38.0 37.0
41.0 38.0
40.0 41.0
39.0 40.0
40.0 48.0
39.0 41.0
39.0 37.0
40.0 35.0
41.0 36.0
41.0 39.0
45.0 33.0
42.0 43.0
45.0 38.0
41.0 34.0
44.0 36.0
45.0 41.0
47.0 37.0
42.0 37.0
41.0 35.0
42.0 41.0
46.0 37.0
43.0 35.0
42.0 35.0
46.0 36.0
42.0 38.0
44.0 36.0
43.0 36.0
42.0 35.0
43.0 35.0
43.0 34.0
46.0 35.0
49.0 35.0
46.0 35.0
46.0 36.0
49.0 37.0
53.0 35.0
46.0 36.0
50.0 38.0
47.0 40.0
54.0 34.0
47.0 34.0
45.0 39.0
51.0 35.0
44.0 39.0
44.0 32.0
43.0 33.0
42.0 35.0
46.0 43.0
45.0 42.0
40.0 39.0
47.0 43.0
45.0 42.0
37.0 53.0
38.0 45.0
42.0 44.0
41.0 57.0
37.0 38.0
45.0 40.0
39.0 41.0
37.0 41.0
43.0 48.0
39.0 44.0
39.0 42.0
44.0 40.0
42.0 43.0
38.0 43.0
36.0 43.0
38.0 43.0
36.0 43.0
36.0 44.0
35.0 42.0
37.0 54.0
36.0 52.0
34.0 43.0
38.0 46.0
33.0 46.0
38.0 46.0
32.0 46.0
36.0 44.0
39.0 43.0
37.0 40.0
39.0 42.0
41.0 49.0
45.0 48.0
48.0 46.0
47.0 48.0
47.0 43.0
50.0 35.0
47.0 32.0
51.0 35.0
50.0 31.0
44.0 31.0
43.0 35.0
44.0 31.0
47.0 31.0
44.0 31.0
42.0 31.0
43.0 31.0
43.0 34.0
45.0 40.0
44.0 40.0
44.0 36.0
43.0 39.0
40.0 39.0
42.0 36.0
40.0 37.0
41.0 35.0
39.0 44.0
43.0 42.0
40.0 41.0
40.0 39.0
39.0 37.0
41.0 39.0
43.0 40.0
41.0 37.0
42.0 39.0
38.0 40.0
40.0 41.0
52.0 39.0
38.0 46.0
42.0 42.0
44.0 41.0
40.0 41.0
39.0 44.0
38.0 45.0
41.0 42.0
41.0 48.0
39.0 43.0
41.0 46.0
82.0 47.0
38.0 48.0
37.0 44.0
43.0 49.0
38.0 41.0
36.0 44.0
37.0 42.0
43.0 43.0
37.0 47.0
35.0 46.0
35.0 45.0
35.0 47.0
34.0 45.0
35.0 46.0
35.0 43.0
36.0 44.0
35.0 93.0
36.0 43.0
36.0 43.0
37.0 44.0
42.0 52.0
41.0 46.0
38.0 45.0
38.0 52.0
40.0 50.0
40.0 44.0
42.0 44.0
45.0 43.0
39.0 42.0
39.0 44.0
40.0 45.0
42.0 46.0
40.0 49.0
40.0 43.0
44.0 42.0
44.0 42.0
40.0 43.0
46.0 44.0
43.0 44.0
44.0 45.0
46.0 41.0
42.0 43.0
42.0 45.0
45.0 44.0
46.0 45.0
45.0 43.0
45.0 41.0
44.0 42.0
42.0 40.0
41.0 42.0
42.0 39.0
42.0 44.0
43.0 45.0
54.0 44.0
47.0 43.0
43.0 43.0
43.0 41.0
44.0 40.0
45.0 38.0
46.0 40.0
51.0 44.0
46.0 37.0
46.0 41.0
54.0 38.0
47.0 37.0
47.0 38.0
46.0 43.0
45.0 36.0
46.0 37.0
49.0 36.0
49.0 42.0
46.0 36.0
47.0 35.0
46.0 35.0
45.0 32.0
45.0 35.0
46.0 33.0
48.0 35.0
55.0 36.0
47.0 35.0
48.0 33.0
47.0 35.0
48.0 37.0
49.0 35.0
48.0 36.0
48.0 37.0
48.0 36.0
48.0 32.0
48.0 39.0
52.0 35.0
49.0 35.0
49.0 36.0
46.0 37.0
46.0 46.0
46.0 41.0
43.0 52.0
40.0 54.0
42.0 44.0
40.0 47.0
42.0 48.0
38.0 40.0
37.0 39.0
38.0 43.0
39.0 38.0
36.0 37.0
39.0 39.0
37.0 36.0
37.0 39.0
39.0 36.0
36.0 38.0
44.0 35.0
37.0 37.0
37.0 48.0
36.0 38.0
37.0 38.0
37.0 36.0
38.0 40.0
39.0 39.0
39.0 41.0
38.0 42.0
40.0 41.0
35.0 50.0
36.0 40.0
34.0 47.0
37.0 55.0
40.0 45.0
38.0 41.0
39.0 42.0
37.0 42.0
38.0 43.0
38.0 50.0
36.0 41.0
38.0 42.0
36.0 46.0
36.0 44.0
36.0 54.0
36.0 54.0
35.0 46.0
37.0 49.0
36.0 46.0
36.0 45.0
35.0 47.0
36.0 46.0
34.0 49.0
35.0 44.0
36.0 45.0
40.0 45.0
39.0 53.0
42.0 42.0
38.0 43.0
39.0 40.0
41.0 46.0
49.0 40.0
39.0 41.0
41.0 37.0
40.0 40.0
46.0 37.0
41.0 43.0
43.0 37.0
41.0 38.0
42.0 36.0
44.0 39.0
42.0 37.0
41.0 37.0
40.0 41.0
47.0 43.0
44.0 44.0
40.0 42.0
41.0 43.0
41.0 44.0
39.0 44.0
42.0 46.0
38.0 53.0
36.0 53.0
45.0 50.0
38.0 47.0
36.0 47.0
40.0 50.0
38.0 44.0
36.0 47.0
37.0 44.0
37.0 59.0
39.0 42.0
39.0 44.0
39.0 44.0
37.0 44.0
36.0 48.0
38.0 45.0
40.0 45.0
39.0 44.0
39.0 49.0
39.0 43.0
37.0 50.0
37.0 46.0
35.0 48.0
35.0 47.0
34.0 45.0
37.0 46.0
35.0 47.0
38.0 52.0
36.0 52.0
40.0 44.0
39.0 43.0
42.0 48.0
39.0 42.0
39.0 49.0
40.0 41.0
40.0 40.0
40.0 45.0
43.0 49.0
39.0 52.0
42.0 44.0
49.0 41.0
40.0 42.0
40.0 48.0
42.0 42.0
42.0 42.0
44.0 45.0
44.0 44.0
42.0 71.0
43.0 46.0
43.0 45.0
47.0 48.0
48.0 46.0
47.0 46.0
45.0 48.0
46.0 48.0
53.0 56.0
55.0 45.0
52.0 43.0
51.0 43.0
56.0 51.0
54.0 44.0
54.0 47.0
59.0 42.0
59.0 43.0
57.0 40.0
67.0 41.0
61.0 46.0
60.0 41.0
65.0 39.0
64.0 44.0
75.0 40.0
64.0 41.0
65.0 36.0
70.0 37.0
70.0 37.0
70.0 36.0
67.0 34.0
69.0 33.0
67.0 35.0
70.0 36.0
68.0 37.0
72.0 33.0
68.0 36.0
72.0 41.0
67.0 37.0
66.0 30.0
68.0 32.0
69.0 31.0
72.0 31.0
70.0 29.0
67.0 30.0
66.0 30.0
68.0 28.0
66.0 30.0
66.0 27.0
64.0 29.0
65.0 27.0
64.0 28.0
64.0 29.0
66.0 33.0
63.0 37.0
61.0 37.0
62.0 30.0
68.0 31.0
64.0 31.0
64.0 36.0
59.0 38.0
61.0 38.0
56.0 35.0
57.0 47.0
56.0 38.0
55.0 43.0
54.0 93.0
49.0 42.0
52.0 38.0
49.0 35.0
50.0 35.0
50.0 46.0
50.0 35.0
49.0 36.0
49.0 37.0
49.0 36.0
48.0 35.0
49.0 34.0
62.0 35.0
48.0 33.0
50.0 39.0
48.0 45.0
47.0 33.0
44.0 37.0
45.0 34.0
45.0 30.0
45.0 30.0
44.0 34.0
45.0 31.0
43.0 30.0
44.0 31.0
43.0 29.0
43.0 28.0
41.0 35.0
48.0 31.0
44.0 29.0
43.0 24.0
47.0 28.0
43.0 34.0
40.0 26.0
39.0 29.0
43.0 34.0
44.0 29.0
40.0 31.0
34.0 32.0
35.0 38.0
33.0 34.0
33.0 42.0
42.0 36.0
29.0 42.0
30.0 36.0
28.0 38.0
30.0 37.0
31.0 38.0
31.0 44.0
31.0 36.0
33.0 36.0
35.0 38.0
32.0 42.0
37.0 40.0
35.0 43.0
34.0 50.0
41.0 41.0
34.0 39.0
35.0 46.0
44.0 45.0
35.0 44.0
35.0 42.0
36.0 43.0
36.0 48.0
39.0 50.0
37.0 61.0
36.0 46.0
37.0 46.0
41.0 43.0
38.0 45.0
40.0 45.0
44.0 45.0
43.0 46.0
40.0 49.0
44.0 51.0
43.0 48.0
42.0 52.0
44.0 48.0
49.0 47.0
43.0 48.0
43.0 48.0
43.0 54.0
48.0 46.0
44.0 53.0
53.0 46.0
45.0 43.0
45.0 47.0
46.0 41.0
46.0 48.0
45.0 41.0
47.0 39.0
52.0 37.0
48.0 36.0
58.0 49.0
56.0 42.0
52.0 35.0
52.0 32.0
54.0 38.0
65.0 38.0
54.0 41.0
54.0 31.0
54.0 29.0
59.0 30.0
56.0 29.0
54.0 31.0
55.0 27.0
55.0 33.0
56.0 28.0
57.0 25.0
61.0 23.0
59.0 26.0
56.0 28.0
57.0 23.0
56.0 27.0
56.0 29.0
57.0 37.0
64.0 38.0
61.0 27.0
54.0 49.0
55.0 51.0
51.0 47.0
49.0 46.0
55.0 39.0
50.0 30.0
50.0 32.0
53.0 30.0
51.0 31.0
50.0 35.0
49.0 31.0
50.0 37.0
55.0 33.0
48.0 35.0
46.0 34.0
46.0 37.0
46.0 38.0
47.0 46.0
43.0 43.0
42.0 44.0
41.0 41.0
42.0 44.0
43.0 43.0
38.0 45.0
40.0 44.0
39.0 48.0
39.0 43.0
38.0 39.0
41.0 51.0
39.0 49.0
39.0 40.0
39.0 43.0
37.0 45.0
37.0 48.0
39.0 39.0
38.0 40.0
37.0 39.0
35.0 38.0
35.0 38.0
37.0 40.0
35.0 39.0
36.0 42.0
33.0 44.0
38.0 43.0
32.0 52.0
34.0 41.0
32.0 49.0
28.0 44.0
31.0 42.0
29.0 45.0
31.0 43.0
32.0 40.0
32.0 42.0
32.0 46.0
39.0 53.0
42.0 41.0
35.0 42.0
34.0 44.0
38.0 42.0
34.0 40.0
93.0 45.0
34.0 42.0
35.0 47.0
38.0 40.0
37.0 41.0
36.0 41.0
37.0 39.0
39.0 45.0
41.0 42.0
43.0 41.0
40.0 53.0
39.0 35.0
42.0 38.0
41.0 45.0
41.0 38.0
44.0 33.0
42.0 42.0
45.0 37.0
46.0 32.0
43.0 31.0
55.0 31.0
45.0 31.0
45.0 31.0
46.0 36.0
44.0 32.0
46.0 32.0
46.0 32.0
46.0 42.0
46.0 35.0
51.0 33.0
51.0 32.0
45.0 40.0
44.0 35.0
45.0 35.0
45.0 35.0
47.0 35.0
49.0 44.0
48.0 36.0
45.0 42.0
48.0 39.0
44.0 36.0
42.0 38.0
54.0 46.0
45.0 40.0
40.0 53.0
39.0 42.0
41.0 56.0
37.0 50.0
36.0 54.0
37.0 55.0
36.0 43.0
36.0 44.0
37.0 46.0
37.0 42.0
44.0 52.0
34.0 53.0
32.0 47.0
32.0 48.0
36.0 48.0
31.0 48.0
37.0 49.0
30.0 52.0
36.0 51.0
30.0 45.0
35.0 52.0
32.0 47.0
40.0 46.0
41.0 49.0
38.0 48.0
35.0 43.0
40.0 49.0
37.0 46.0
37.0 43.0
36.0 40.0
36.0 42.0
41.0 42.0
38.0 45.0
37.0 44.0
37.0 46.0
37.0 43.0
36.0 41.0
36.0 57.0
35.0 41.0
35.0 45.0
34.0 43.0
39.0 41.0
35.0 42.0
39.0 42.0
32.0 41.0
35.0 41.0
33.0 48.0
34.0 46.0
33.0 46.0
31.0 43.0
30.0 53.0
29.0 56.0
30.0 48.0
33.0 48.0
37.0 55.0
31.0 55.0
29.0 49.0
33.0 48.0
32.0 48.0
43.0 46.0
32.0 59.0
35.0 49.0
41.0 45.0
36.0 54.0
38.0 44.0
34.0 44.0
37.0 47.0
35.0 44.0
38.0 43.0
34.0 44.0
36.0 45.0
36.0 53.0
39.0 47.0
34.0 55.0
33.0 46.0
42.0 47.0
32.0 46.0
39.0 46.0
33.0 49.0
34.0 45.0
36.0 49.0
47.0 50.0
44.0 46.0
42.0 53.0
40.0 93.0
44.0 46.0
45.0 42.0
44.0 41.0
47.0 37.0
56.0 43.0
44.0 38.0
39.0 39.0
42.0 46.0
46.0 38.0
44.0 45.0
44.0 42.0
45.0 50.0
43.0 41.0
47.0 40.0
41.0 42.0
42.0 49.0
40.0 38.0
40.0 37.0
39.0 40.0
43.0 45.0
41.0 38.0
49.0 37.0
40.0 40.0
41.0 41.0
43.0 44.0
39.0 43.0
44.0 42.0
42.0 41.0
40.0 43.0
40.0 47.0
42.0 39.0
52.0 46.0
41.0 41.0
40.0 41.0
42.0 45.0
44.0 45.0
52.0 40.0
46.0 42.0
44.0 40.0
45.0 37.0
46.0 37.0
45.0 38.0
45.0 39.0
45.0 40.0
46.0 37.0
47.0 39.0
48.0 39.0
44.0 42.0
46.0 37.0
48.0 38.0
50.0 36.0
50.0 36.0
47.0 37.0
49.0 40.0
48.0 36.0
44.0 37.0
43.0 37.0
44.0 38.0
43.0 37.0
51.0 37.0
51.0 38.0
46.0 38.0
57.0 37.0
54.0 39.0
44.0 37.0
44.0 39.0
44.0 48.0
44.0 36.0
46.0 36.0
45.0 37.0
46.0 38.0
45.0 37.0
46.0 40.0
53.0 38.0
47.0 37.0
46.0 38.0
47.0 37.0
48.0 38.0
50.0 37.0
47.0 42.0
46.0 37.0
47.0 37.0
47.0 38.0
45.0 35.0
45.0 42.0
44.0 40.0
43.0 35.0
43.0 39.0
43.0 37.0
43.0 42.0
44.0 46.0
45.0 45.0
43.0 39.0
43.0 39.0
42.0 45.0
41.0 40.0
42.0 52.0
51.0 42.0
53.0 41.0
43.0 42.0
43.0 46.0
42.0 44.0
41.0 52.0
39.0 46.0
38.0 49.0
42.0 44.0
38.0 45.0
52.0 51.0
42.0 48.0
42.0 46.0
44.0 43.0
41.0 40.0
40.0 46.0
39.0 42.0
39.0 42.0
41.0 54.0
39.0 39.0
37.0 40.0
56.0 41.0
44.0 48.0
55.0 50.0
44.0 43.0
46.0 39.0
44.0 33.0
44.0 39.0
47.0 41.0
46.0 29.0
47.0 26.0
48.0 28.0
57.0 25.0
48.0 27.0
48.0 28.0
46.0 28.0
48.0 28.0
46.0 27.0
45.0 28.0
52.0 28.0
50.0 28.0
45.0 34.0
49.0 32.0
48.0 37.0
44.0 57.0
45.0 32.0
46.0 35.0
43.0 44.0
47.0 44.0
43.0 41.0
43.0 44.0
49.0 43.0
42.0 44.0
40.0 43.0
42.0 48.0
37.0 50.0
38.0 48.0
46.0 49.0
39.0 45.0
48.0 48.0
39.0 41.0
41.0 45.0
42.0 43.0
41.0 40.0
43.0 40.0
40.0 41.0
38.0 49.0
39.0 41.0
40.0 43.0
41.0 46.0
40.0 44.0
43.0 39.0
41.0 38.0
42.0 52.0
43.0 44.0
46.0 40.0
45.0 37.0
45.0 35.0
45.0 39.0
46.0 33.0
48.0 39.0
45.0 33.0
47.0 40.0
46.0 33.0
45.0 31.0
48.0 32.0
48.0 34.0
46.0 30.0
48.0 32.0
48.0 36.0
48.0 32.0
48.0 39.0
49.0 43.0
46.0 32.0
47.0 37.0
46.0 38.0
46.0 35.0
50.0 37.0
46.0 35.0
46.0 36.0
44.0 37.0
44.0 37.0
47.0 39.0
42.0 56.0
44.0 52.0
45.0 43.0
45.0 45.0
38.0 43.0
42.0 46.0
39.0 53.0
36.0 48.0
37.0 60.0
41.0 56.0
37.0 51.0
35.0 56.0
40.0 54.0
36.0 50.0
35.0 48.0
33.0 47.0
40.0 45.0
36.0 48.0
36.0 49.0
36.0 45.0
38.0 43.0
42.0 46.0
38.0 45.0
39.0 47.0
40.0 42.0
43.0 49.0
42.0 40.0
39.0 40.0
40.0 40.0
42.0 55.0
45.0 42.0
39.0 46.0
40.0 44.0
84.0 43.0
41.0 50.0
39.0 49.0
45.0 56.0
39.0 60.0
43.0 51.0
40.0 51.0
46.0 69.0
40.0 44.0
44.0 52.0
46.0 43.0
46.0 47.0
51.0 43.0
50.0 45.0
46.0 45.0
44.0 43.0
46.0 47.0
50.0 45.0
51.0 45.0
47.0 50.0
50.0 47.0
47.0 48.0
47.0 52.0
58.0 58.0
49.0 51.0
50.0 53.0
50.0 52.0
54.0 47.0
51.0 50.0
53.0 51.0
53.0 47.0
53.0 47.0
58.0 48.0
54.0 47.0
56.0 46.0
57.0 47.0
55.0 48.0
54.0 53.0
57.0 48.0
56.0 51.0
54.0 49.0
54.0 46.0
54.0 47.0
57.0 48.0
53.0 49.0
56.0 50.0
54.0 50.0
55.0 47.0
56.0 49.0
52.0 48.0
53.0 47.0
55.0 47.0
53.0 51.0
53.0 55.0
53.0 61.0
53.0 48.0
54.0 51.0
60.0 42.0
56.0 54.0
61.0 50.0
52.0 49.0
53.0 43.0
53.0 50.0
55.0 39.0
53.0 39.0
54.0 37.0
52.0 40.0
55.0 39.0
55.0 36.0
53.0 37.0
53.0 34.0
54.0 34.0
55.0 40.0
53.0 35.0
54.0 32.0
53.0 33.0
53.0 43.0
56.0 40.0
54.0 39.0
54.0 30.0
56.0 30.0
53.0 35.0
53.0 31.0
53.0 32.0
56.0 29.0
53.0 32.0
54.0 37.0
53.0 27.0
54.0 33.0
52.0 32.0
56.0 31.0
50.0 36.0
49.0 29.0
52.0 29.0
50.0 31.0
45.0 32.0
46.0 37.0
44.0 35.0
42.0 40.0
43.0 36.0
40.0 37.0
42.0 42.0
39.0 35.0
40.0 35.0
82.0 37.0
38.0 36.0
35.0 38.0
42.0 43.0
34.0 40.0
29.0 39.0
30.0 38.0
27.0 39.0
24.0 37.0
26.0 40.0
26.0 47.0
30.0 40.0
27.0 42.0
29.0 43.0
33.0 46.0
30.0 43.0
37.0 43.0
34.0 41.0
33.0 44.0
46.0 46.0
35.0 43.0
35.0 44.0
35.0 40.0
35.0 42.0
36.0 48.0
37.0 41.0
39.0 40.0
44.0 43.0
41.0 47.0
49.0 43.0
51.0 47.0
42.0 48.0
45.0 49.0
42.0 46.0
45.0 47.0
57.0 94.0
48.0 50.0
54.0 44.0
50.0 48.0
50.0 44.0
52.0 42.0
53.0 44.0
55.0 41.0
52.0 45.0
49.0 40.0
51.0 40.0
53.0 43.0
49.0 42.0
48.0 43.0
49.0 41.0
50.0 54.0
47.0 42.0
49.0 39.0
47.0 39.0
47.0 40.0
45.0 45.0
49.0 40.0
46.0 39.0
46.0 39.0
45.0 46.0
46.0 41.0
45.0 38.0
46.0 37.0
47.0 49.0
48.0 46.0
46.0 38.0
46.0 42.0
48.0 38.0
45.0 39.0
44.0 39.0
46.0 38.0
46.0 42.0
44.0 42.0
43.0 43.0
41.0 40.0
41.0 42.0
44.0 42.0
40.0 45.0
41.0 52.0
43.0 42.0
43.0 40.0
41.0 44.0
43.0 41.0
47.0 40.0
45.0 44.0
47.0 51.0
47.0 44.0
48.0 44.0
48.0 41.0
47.0 47.0
51.0 35.0
47.0 33.0
45.0 37.0
48.0 42.0
53.0 38.0
49.0 34.0
46.0 42.0
45.0 40.0
45.0 39.0
44.0 43.0
44.0 50.0
43.0 45.0
43.0 44.0
40.0 44.0
40.0 43.0
40.0 38.0
51.0 46.0
40.0 41.0
41.0 42.0
42.0 54.0
43.0 39.0
40.0 46.0
40.0 38.0
39.0 40.0
39.0 43.0
50.0 43.0
39.0 40.0
41.0 48.0
37.0 42.0
39.0 42.0
37.0 41.0
42.0 42.0
39.0 40.0
44.0 40.0
41.0 38.0
42.0 37.0
41.0 37.0
42.0 40.0
43.0 43.0
41.0 35.0
44.0 37.0
42.0 43.0
45.0 34.0
42.0 39.0
40.0 35.0
39.0 44.0
39.0 31.0
39.0 31.0
39.0 36.0
40.0 36.0
37.0 33.0
44.0 34.0
35.0 57.0
42.0 36.0
36.0 48.0
35.0 43.0
36.0 41.0
38.0 40.0
35.0 40.0
34.0 46.0
39.0 42.0
38.0 51.0
42.0 45.0
35.0 53.0
37.0 47.0
34.0 44.0
37.0 44.0
35.0 46.0
35.0 44.0
37.0 40.0
41.0 41.0
38.0 52.0
37.0 50.0
38.0 39.0
39.0 40.0
40.0 41.0
38.0 37.0
39.0 38.0
39.0 37.0
36.0 37.0
37.0 35.0
37.0 38.0
42.0 37.0
37.0 40.0
37.0 38.0
39.0 38.0
39.0 37.0
37.0 37.0
41.0 35.0
40.0 37.0
42.0 38.0
43.0 43.0
46.0 39.0
48.0 33.0
44.0 36.0
48.0 32.0
46.0 39.0
48.0 32.0
50.0 29.0
59.0 32.0
50.0 28.0
53.0 28.0
55.0 29.0
53.0 32.0
52.0 34.0
54.0 26.0
53.0 26.0
58.0 27.0
54.0 27.0
54.0 28.0
54.0 27.0
54.0 33.0
56.0 27.0
52.0 25.0
54.0 33.0
52.0 26.0
58.0 24.0
56.0 29.0
49.0 35.0
53.0 40.0
50.0 34.0
48.0 33.0
46.0 36.0
50.0 32.0
46.0 48.0
42.0 37.0
42.0 42.0
44.0 36.0
46.0 39.0
45.0 34.0
42.0 36.0
42.0 38.0
42.0 39.0
42.0 34.0
46.0 36.0
42.0 36.0
41.0 37.0
44.0 37.0
41.0 37.0
44.0 37.0
40.0 45.0
39.0 39.0
38.0 39.0
44.0 38.0
39.0 39.0
40.0 46.0
42.0 39.0
36.0 37.0
43.0 38.0
38.0 36.0
40.0 43.0
40.0 36.0
42.0 41.0
45.0 34.0
41.0 36.0
38.0 35.0
46.0 41.0
42.0 34.0
44.0 33.0
40.0 35.0
40.0 38.0
47.0 40.0
40.0 38.0
41.0 35.0
90.0 36.0
40.0 38.0
42.0 39.0
42.0 38.0
44.0 37.0
41.0 44.0
39.0 41.0
48.0 38.0
41.0 38.0
43.0 37.0
44.0 38.0
44.0 37.0
41.0 36.0
39.0 37.0
40.0 39.0
41.0 37.0
41.0 37.0
41.0 39.0
41.0 39.0
46.0 38.0
45.0 45.0
42.0 44.0
47.0 37.0
42.0 42.0
45.0 50.0
41.0 41.0
43.0 41.0
40.0 43.0
41.0 38.0
43.0 40.0
41.0 46.0
40.0 37.0
44.0 50.0
41.0 39.0
45.0 39.0
38.0 41.0
40.0 40.0
41.0 46.0
39.0 42.0
44.0 93.0
44.0 40.0
42.0 42.0
41.0 44.0
43.0 42.0
42.0 42.0
40.0 45.0
42.0 48.0
46.0 50.0
41.0 41.0
44.0 45.0
42.0 41.0
44.0 47.0
43.0 43.0
45.0 49.0
44.0 44.0
41.0 41.0
42.0 44.0
43.0 42.0
45.0 46.0
42.0 46.0
47.0 47.0
43.0 46.0
42.0 40.0
41.0 48.0
43.0 39.0
41.0 43.0
49.0 43.0
42.0 54.0
43.0 44.0
46.0 47.0
43.0 45.0
45.0 43.0
39.0 42.0
46.0 42.0
45.0 42.0
44.0 43.0
39.0 44.0
47.0 44.0
42.0 44.0
42.0 44.0
47.0 43.0
41.0 45.0
43.0 43.0
44.0 47.0
39.0 46.0
44.0 44.0
44.0 47.0
41.0 47.0
67.0 45.0
39.0 44.0
40.0 45.0
40.0 53.0
40.0 45.0
40.0 45.0
39.0 45.0
37.0 48.0
36.0 48.0
36.0 47.0
35.0 44.0
34.0 46.0
38.0 47.0
34.0 48.0
33.0 49.0
34.0 53.0
36.0 48.0
37.0 44.0
39.0 46.0
38.0 47.0
43.0 54.0
47.0 41.0
44.0 44.0
43.0 48.0
43.0 44.0
42.0 38.0
42.0 54.0
44.0 38.0
46.0 39.0
45.0 39.0
46.0 36.0
47.0 41.0
47.0 44.0
51.0 37.0
54.0 36.0
48.0 36.0
47.0 36.0
45.0 35.0
46.0 37.0
45.0 39.0
44.0 47.0
41.0 42.0
43.0 40.0
47.0 44.0
41.0 37.0
38.0 40.0
39.0 48.0
42.0 44.0
35.0 44.0
35.0 44.0
41.0 46.0
31.0 47.0
33.0 44.0
39.0 49.0
31.0 45.0
31.0 41.0
38.0 42.0
33.0 41.0
36.0 46.0
39.0 50.0
38.0 41.0
47.0 38.0
52.0 37.0
43.0 41.0
43.0 46.0
45.0 40.0
45.0 36.0
46.0 32.0
44.0 31.0
45.0 32.0
46.0 32.0
47.0 32.0
49.0 31.0
48.0 31.0
48.0 31.0
49.0 32.0
51.0 30.0
48.0 31.0
48.0 30.0
52.0 39.0
49.0 31.0
49.0 30.0
49.0 31.0
48.0 35.0
47.0 34.0
48.0 37.0
47.0 35.0
46.0 36.0
48.0 36.0
46.0 37.0
47.0 36.0
53.0 36.0
45.0 35.0
43.0 39.0
44.0 43.0
43.0 41.0
40.0 44.0
40.0 49.0
43.0 57.0
37.0 46.0
37.0 45.0
35.0 48.0
41.0 47.0
35.0 45.0
36.0 44.0
37.0 45.0
38.0 42.0
40.0 46.0
37.0 44.0
38.0 46.0
40.0 42.0
37.0 42.0
41.0 43.0
40.0 53.0
39.0 43.0
37.0 47.0
39.0 44.0
37.0 45.0
37.0 49.0
38.0 42.0
36.0 49.0
36.0 45.0
37.0 50.0
35.0 93.0
36.0 46.0
35.0 50.0
34.0 52.0
36.0 47.0
35.0 53.0
34.0 54.0
41.0 48.0
35.0 48.0
33.0 45.0
34.0 45.0
35.0 52.0
36.0 44.0
35.0 43.0
37.0 44.0
38.0 44.0
35.0 50.0
37.0 45.0
38.0 46.0
37.0 45.0
36.0 48.0
36.0 44.0
38.0 44.0
38.0 50.0
83.0 52.0
39.0 58.0
41.0 44.0
42.0 42.0
41.0 40.0
45.0 39.0
45.0 49.0
44.0 40.0
45.0 39.0
43.0 49.0
42.0 52.0
42.0 48.0
46.0 48.0
48.0 58.0
48.0 43.0
48.0 43.0
48.0 47.0
51.0 41.0
50.0 40.0
53.0 43.0
53.0 39.0
54.0 42.0
53.0 42.0
60.0 50.0
58.0 40.0
60.0 42.0
56.0 42.0
57.0 40.0
57.0 39.0
57.0 43.0
60.0 45.0
59.0 42.0
59.0 48.0
61.0 42.0
66.0 43.0
63.0 41.0
63.0 48.0
61.0 41.0
66.0 47.0
76.0 44.0
61.0 42.0
69.0 42.0
60.0 44.0
61.0 48.0
62.0 43.0
56.0 45.0
55.0 44.0
54.0 47.0
53.0 48.0
55.0 45.0
57.0 48.0
53.0 50.0
51.0 47.0
48.0 48.0
48.0 62.0
50.0 48.0
49.0 48.0
46.0 48.0
43.0 50.0
42.0 49.0
41.0 55.0
47.0 50.0
42.0 60.0
39.0 49.0
43.0 48.0
43.0 58.0
41.0 46.0
42.0 46.0
41.0 47.0
44.0 50.0
43.0 44.0
43.0 42.0
42.0 52.0
41.0 43.0
46.0 48.0
44.0 43.0
42.0 47.0
44.0 40.0
44.0 38.0
48.0 37.0
92.0 37.0
46.0 37.0
44.0 38.0
43.0 37.0
44.0 37.0
46.0 33.0
42.0 36.0
41.0 42.0
42.0 36.0
41.0 35.0
42.0 35.0
41.0 35.0
43.0 38.0
40.0 37.0
46.0 35.0
46.0 40.0
39.0 32.0
37.0 32.0
36.0 33.0
35.0 30.0
37.0 29.0
34.0 29.0
37.0 30.0
36.0 29.0
43.0 31.0
42.0 36.0
42.0 33.0
32.0 35.0
32.0 32.0
31.0 37.0
30.0 33.0
31.0 37.0
31.0 31.0
32.0 33.0
33.0 35.0
33.0 44.0
34.0 35.0
37.0 34.0
36.0 35.0
35.0 37.0
37.0 40.0
38.0 38.0
40.0 35.0
40.0 35.0
39.0 32.0
49.0 34.0
42.0 37.0
42.0 42.0
45.0 38.0
43.0 40.0
42.0 36.0
44.0 37.0
49.0 40.0
46.0 33.0
46.0 41.0
46.0 36.0
47.0 39.0
52.0 34.0
49.0 34.0
55.0 35.0
52.0 33.0
52.0 33.0
59.0 36.0
57.0 34.0
54.0 36.0
61.0 36.0
59.0 33.0
57.0 37.0
61.0 48.0
58.0 36.0
59.0 33.0
58.0 36.0
60.0 42.0
56.0 36.0
60.0 35.0
59.0 37.0
57.0 37.0
54.0 36.0
53.0 36.0
53.0 37.0
55.0 36.0
53.0 34.0
53.0 35.0
54.0 39.0
53.0 35.0
51.0 33.0
51.0 39.0
50.0 35.0
51.0 33.0
50.0 35.0
51.0 34.0
52.0 38.0
53.0 34.0
49.0 35.0
55.0 34.0
49.0 34.0
48.0 34.0
49.0 38.0
50.0 39.0
48.0 40.0
47.0 40.0
46.0 40.0
46.0 48.0
46.0 39.0
47.0 40.0
43.0 48.0
49.0 51.0
43.0 48.0
41.0 58.0
40.0 53.0
45.0 46.0
49.0 50.0
43.0 51.0
43.0 44.0
44.0 53.0
44.0 41.0
44.0 57.0
44.0 41.0
48.0 35.0
46.0 37.0
46.0 37.0
47.0 32.0
46.0 40.0
46.0 41.0
45.0 34.0
46.0 40.0
49.0 44.0
47.0 46.0
43.0 37.0
44.0 48.0
45.0 44.0
39.0 42.0
42.0 92.0
39.0 54.0
39.0 44.0
41.0 43.0
42.0 47.0
40.0 38.0
40.0 41.0
41.0 47.0
41.0 44.0
40.0 46.0
47.0 41.0
42.0 45.0
40.0 40.0
41.0 39.0
39.0 41.0
38.0 40.0
41.0 38.0
41.0 40.0
40.0 41.0
41.0 41.0
40.0 43.0
41.0 36.0
42.0 41.0
40.0 36.0
39.0 35.0
39.0 39.0
40.0 42.0
42.0 33.0
41.0 32.0
41.0 32.0
41.0 36.0
37.0 37.0
41.0 35.0
38.0 35.0
39.0 37.0
36.0 40.0
38.0 44.0
36.0 35.0
36.0 37.0
36.0 46.0
36.0 39.0
36.0 40.0
44.0 40.0
34.0 39.0
36.0 40.0
39.0 46.0
39.0 44.0
38.0 41.0
39.0 43.0
40.0 39.0
38.0 37.0
39.0 37.0
39.0 37.0
42.0 36.0
38.0 37.0
42.0 38.0
37.0 35.0
37.0 43.0
39.0 39.0
39.0 48.0
37.0 37.0
36.0 42.0
37.0 49.0
37.0 42.0
36.0 45.0
35.0 42.0
35.0 44.0
37.0 49.0
33.0 46.0
34.0 45.0
33.0 47.0
40.0 49.0
44.0 46.0
34.0 56.0
37.0 48.0
39.0 40.0
43.0 44.0
38.0 42.0
40.0 41.0
42.0 40.0
41.0 41.0
42.0 37.0
43.0 37.0
42.0 39.0
52.0 35.0
48.0 35.0
47.0 35.0
49.0 36.0
47.0 35.0
47.0 33.0
47.0 35.0
46.0 36.0
47.0 32.0
48.0 37.0
53.0 31.0
46.0 30.0
57.0 30.0
50.0 31.0
45.0 31.0
3.0 44.0
31.0 37.0
32.0 38.0
32.0 41.0
37.0 39.0
43.0 42.0
43.0 39.0
46.0 39.0
45.0 39.0
43.0 42.0
39.0 43.0
41.0 41.0
37.0 38.0
43.0 38.0
39.0 40.0
41.0 40.0
45.0 39.0
44.0 36.0
49.0 36.0
48.0 39.0
46.0 36.0
47.0 38.0
48.0 35.0
46.0 36.0
48.0 35.0
48.0 32.0
50.0 30.0
50.0 34.0
51.0 36.0
51.0 28.0
51.0 28.0
48.0 28.0
54.0 36.0
48.0 26.0
48.0 31.0
48.0 31.0
48.0 35.0
53.0 34.0
46.0 32.0
61.0 35.0
46.0 33.0
45.0 32.0
45.0 43.0
48.0 38.0
44.0 36.0
44.0 35.0
45.0 44.0
41.0 41.0
40.0 40.0
45.0 44.0
42.0 51.0
38.0 43.0
42.0 42.0
38.0 49.0
35.0 43.0
34.0 42.0
35.0 41.0
35.0 45.0
36.0 46.0
37.0 42.0
35.0 40.0
39.0 39.0
35.0 93.0
35.0 39.0
39.0 38.0
36.0 40.0
38.0 40.0
43.0 38.0
33.0 39.0
45.0 44.0
37.0 56.0
37.0 49.0
37.0 47.0
34.0 48.0
35.0 54.0
31.0 60.0
33.0 45.0
32.0 45.0
34.0 53.0
40.0 47.0
34.0 45.0
34.0 48.0
34.0 43.0
42.0 46.0
34.0 50.0
37.0 43.0
36.0 47.0
37.0 44.0
38.0 40.0
40.0 43.0
42.0 45.0
38.0 42.0
40.0 41.0
42.0 44.0
40.0 42.0
41.0 41.0
46.0 45.0
53.0 42.0
44.0 39.0
47.0 36.0
45.0 36.0
44.0 37.0
45.0 38.0
43.0 36.0
44.0 37.0
44.0 41.0
48.0 35.0
47.0 36.0
44.0 34.0
44.0 37.0
45.0 39.0
44.0 36.0
44.0 36.0
44.0 44.0
43.0 41.0
47.0 43.0
46.0 46.0
43.0 43.0
40.0 43.0
43.0 45.0
39.0 43.0
37.0 48.0
36.0 46.0
38.0 44.0
39.0 46.0
39.0 43.0
39.0 42.0
40.0 46.0
46.0 43.0
43.0 44.0
47.0 45.0
50.0 42.0
46.0 95.0
44.0 43.0
43.0 42.0
50.0 39.0
45.0 41.0
46.0 40.0
46.0 41.0
54.0 37.0
45.0 38.0
46.0 34.0
47.0 36.0
50.0 43.0
51.0 35.0
51.0 34.0
54.0 35.0
55.0 31.0
57.0 31.0
53.0 32.0
52.0 30.0
53.0 39.0
52.0 31.0
50.0 33.0
53.0 35.0
52.0 35.0
49.0 32.0
50.0 32.0
52.0 37.0
51.0 35.0
52.0 39.0
52.0 36.0
50.0 45.0
52.0 32.0
52.0 37.0
52.0 31.0
53.0 33.0
55.0 37.0
55.0 34.0
53.0 30.0
54.0 31.0
55.0 35.0
55.0 35.0
54.0 31.0
55.0 30.0
56.0 36.0
55.0 31.0
56.0 30.0
55.0 28.0
57.0 29.0
55.0 33.0
69.0 26.0
57.0 27.0
56.0 29.0
57.0 26.0
58.0 26.0
56.0 26.0
55.0 27.0
57.0 25.0
59.0 26.0
58.0 31.0
61.0 24.0
58.0 23.0
59.0 25.0
58.0 22.0
61.0 23.0
61.0 23.0
58.0 23.0
57.0 23.0
58.0 23.0
60.0 32.0
58.0 31.0
65.0 25.0
56.0 32.0
55.0 30.0
52.0 25.0
56.0 26.0
52.0 31.0
49.0 34.0
51.0 33.0
48.0 31.0
46.0 31.0
43.0 43.0
46.0 46.0
50.0 35.0
41.0 32.0
43.0 33.0
43.0 35.0
42.0 51.0
41.0 40.0
42.0 46.0
43.0 39.0
44.0 45.0
41.0 33.0
43.0 37.0
41.0 35.0
45.0 35.0
42.0 34.0
44.0 34.0
42.0 34.0
47.0 33.0
46.0 35.0
43.0 39.0
42.0 35.0
43.0 40.0
44.0 38.0
42.0 36.0
42.0 36.0
43.0 38.0
42.0 39.0
42.0 43.0
40.0 46.0
42.0 42.0
40.0 43.0
42.0 40.0
42.0 40.0
47.0 40.0
43.0 39.0
41.0 37.0
44.0 45.0
42.0 39.0
42.0 39.0
47.0 35.0
43.0 42.0
44.0 36.0
45.0 38.0
45.0 39.0
46.0 35.0
43.0 40.0
44.0 39.0
52.0 40.0
43.0 41.0
42.0 37.0
44.0 42.0
43.0 45.0
42.0 39.0
43.0 41.0
43.0 42.0
44.0 39.0
43.0 37.0
44.0 37.0
46.0 35.0
47.0 38.0
45.0 35.0
46.0 36.0
46.0 34.0
52.0 36.0
50.0 36.0
54.0 33.0
62.0 33.0
48.0 37.0
50.0 32.0
50.0 31.0
51.0 31.0
51.0 31.0
51.0 38.0
51.0 31.0
53.0 29.0
52.0 32.0
51.0 28.0
54.0 26.0
51.0 32.0
52.0 27.0
51.0 36.0
52.0 26.0
54.0 29.0
51.0 28.0
52.0 33.0
51.0 33.0
50.0 31.0
55.0 34.0
49.0 39.0
52.0 38.0
63.0 34.0
51.0 36.0
54.0 40.0
57.0 31.0
58.0 37.0
57.0 44.0
57.0 34.0
58.0 41.0
65.0 35.0
59.0 34.0
59.0 36.0
64.0 36.0
59.0 35.0
66.0 43.0
60.0 37.0
61.0 41.0
59.0 48.0
61.0 41.0
61.0 40.0
62.0 40.0
64.0 38.0
63.0 37.0
73.0 40.0
65.0 36.0
66.0 37.0
79.0 35.0
67.0 37.0
68.0 33.0
68.0 37.0
67.0 39.0
66.0 33.0
69.0 38.0
71.0 34.0
65.0 35.0
65.0 37.0
67.0 32.0
70.0 33.0
64.0 32.0
64.0 31.0
64.0 31.0
64.0 36.0
65.0 32.0
66.0 29.0
69.0 30.0
64.0 30.0
65.0 32.0
62.0 32.0
61.0 33.0
62.0 31.0
59.0 33.0
59.0 31.0
59.0 32.0
57.0 31.0
59.0 30.0
60.0 30.0
59.0 29.0
55.0 30.0
54.0 30.0
55.0 29.0
58.0 29.0
54.0 30.0
53.0 36.0
58.0 36.0
55.0 41.0
57.0 31.0
52.0 36.0
55.0 28.0
52.0 30.0
51.0 27.0
54.0 29.0
52.0 26.0
51.0 27.0
51.0 31.0
50.0 36.0
51.0 30.0
47.0 29.0
56.0 29.0
48.0 37.0
45.0 37.0
44.0 35.0
42.0 32.0
43.0 32.0
42.0 31.0
40.0 31.0
45.0 32.0
37.0 37.0
38.0 32.0
34.0 35.0
35.0 39.0
35.0 42.0
33.0 34.0
30.0 35.0
31.0 36.0
30.0 32.0
31.0 31.0
32.0 37.0
39.0 41.0
42.0 35.0
44.0 38.0
35.0 33.0
35.0 35.0
41.0 33.0
36.0 31.0
37.0 32.0
46.0 34.0
36.0 40.0
34.0 40.0
36.0 38.0
36.0 37.0
37.0 43.0
35.0 36.0
36.0 37.0
37.0 40.0
36.0 39.0
37.0 44.0
38.0 43.0
36.0 46.0
36.0 45.0
37.0 45.0
38.0 46.0
37.0 45.0
37.0 47.0
37.0 55.0
44.0 46.0
41.0 45.0
43.0 48.0
43.0 45.0
41.0 45.0
43.0 45.0
42.0 47.0
44.0 47.0
44.0 50.0
44.0 49.0
45.0 49.0
44.0 48.0
46.0 49.0
48.0 51.0
48.0 45.0
47.0 52.0
50.0 52.0
49.0 48.0
48.0 48.0
47.0 40.0
49.0 40.0
53.0 38.0
50.0 37.0
52.0 18.0
52.0 35.0
53.0 38.0
52.0 37.0
54.0 37.0
52.0 38.0
49.0 39.0
48.0 37.0
49.0 38.0
49.0 38.0
46.0 42.0
46.0 52.0
45.0 52.0
46.0 42.0
45.0 48.0
45.0 41.0
46.0 47.0
44.0 47.0
45.0 42.0
42.0 43.0
41.0 45.0
41.0 45.0
40.0 46.0
38.0 53.0
36.0 53.0
36.0 46.0
35.0 52.0
40.0 53.0
38.0 46.0
42.0 45.0
42.0 48.0
39.0 46.0
39.0 44.0
39.0 45.0
40.0 54.0
51.0 42.0
39.0 46.0
42.0 46.0
41.0 44.0
43.0 46.0
39.0 49.0
42.0 53.0
37.0 48.0
37.0 51.0
38.0 44.0
41.0 42.0
43.0 42.0
44.0 52.0
45.0 59.0
47.0 49.0
48.0 45.0
49.0 53.0
52.0 42.0
50.0 45.0
55.0 42.0
50.0 37.0
51.0 33.0
53.0 28.0
53.0 38.0
53.0 35.0
54.0 24.0
53.0 24.0
53.0 25.0
55.0 26.0
55.0 27.0
54.0 25.0
55.0 29.0
54.0 25.0
52.0 26.0
53.0 27.0
53.0 27.0
54.0 28.0
54.0 27.0
53.0 32.0
52.0 25.0
48.0 26.0
52.0 32.0
51.0 27.0
47.0 26.0
49.0 31.0
46.0 35.0
44.0 40.0
43.0 30.0
42.0 37.0
43.0 36.0
43.0 33.0
43.0 41.0
38.0 33.0
40.0 36.0
42.0 33.0
45.0 39.0
45.0 31.0
47.0 31.0
45.0 31.0
44.0 31.0
44.0 31.0
51.0 31.0
48.0 31.0
45.0 29.0
48.0 28.0
47.0 39.0
48.0 30.0
57.0 29.0
52.0 27.0
49.0 28.0
49.0 29.0
49.0 28.0
52.0 27.0
48.0 24.0
50.0 26.0
48.0 24.0
51.0 25.0
47.0 25.0
3.0 26.0
41.0 32.0
41.0 30.0
42.0 41.0
46.0 31.0
46.0 33.0
48.0 38.0
50.0 32.0
45.0 36.0
45.0 34.0
45.0 40.0
47.0 48.0
44.0 35.0
44.0 41.0
47.0 33.0
44.0 35.0
50.0 39.0
48.0 35.0
51.0 42.0
48.0 35.0
47.0 31.0
48.0 32.0
52.0 38.0
49.0 29.0
48.0 29.0
49.0 30.0
50.0 36.0
50.0 33.0
49.0 28.0
51.0 32.0
47.0 32.0
48.0 33.0
47.0 33.0
45.0 33.0
46.0 30.0
44.0 38.0
45.0 35.0
46.0 36.0
45.0 35.0
47.0 36.0
41.0 36.0
41.0 39.0
42.0 37.0
51.0 41.0
40.0 42.0
45.0 41.0
41.0 37.0
54.0 35.0
43.0 38.0
44.0 35.0
44.0 34.0
44.0 35.0
46.0 34.0
45.0 33.0
47.0 40.0
45.0 39.0
51.0 31.0
46.0 32.0
45.0 35.0
47.0 30.0
45.0 31.0
48.0 29.0
48.0 29.0
49.0 28.0
48.0 26.0
48.0 27.0
47.0 24.0
49.0 26.0
54.0 23.0
50.0 24.0
49.0 27.0
54.0 28.0
49.0 27.0
52.0 25.0
52.0 23.0
52.0 31.0
51.0 26.0
53.0 121.0
53.0 35.0
53.0 24.0
52.0 25.0
52.0 26.0
53.0 683.0
52.0 25.0
50.0 28.0
52.0 32.0
50.0 29.0
49.0 34.0
53.0 34.0
56.0 32.0
48.0 28.0
50.0 30.0
48.0 39.0
52.0 30.0
50.0 32.0
48.0 32.0
51.0 40.0
51.0 30.0
47.0 35.0
51.0 33.0
46.0 42.0
48.0 35.0
47.0 39.0
45.0 40.0
47.0 39.0
45.0 35.0
44.0 35.0
43.0 35.0
44.0 37.0
48.0 42.0
42.0 35.0
47.0 35.0
46.0 35.0
51.0 37.0
46.0 38.0
40.0 46.0
49.0 41.0
44.0 37.0
40.0 38.0
51.0 38.0
42.0 40.0
41.0 39.0
49.0 38.0
43.0 40.0
45.0 41.0
50.0 43.0
43.0 38.0
45.0 37.0
46.0 38.0
44.0 40.0
45.0 37.0
46.0 36.0
44.0 39.0
45.0 36.0
47.0 36.0
45.0 42.0
46.0 36.0
46.0 40.0
50.0 35.0
50.0 36.0
54.0 39.0
54.0 33.0
47.0 35.0
49.0 35.0
48.0 40.0
48.0 33.0
49.0 31.0
51.0 31.0
53.0 30.0
57.0 36.0
52.0 36.0
54.0 30.0
52.0 29.0
53.0 32.0
51.0 31.0
51.0 34.0
51.0 40.0
50.0 38.0
50.0 36.0
55.0 35.0
55.0 36.0
50.0 41.0
49.0 37.0
49.0 42.0
49.0 35.0
49.0 35.0
52.0 35.0
50.0 35.0
50.0 35.0
49.0 35.0
55.0 36.0
49.0 35.0
48.0 35.0
48.0 36.0
47.0 35.0
46.0 40.0
46.0 36.0
51.0 38.0
46.0 35.0
46.0 33.0
49.0 39.0
50.0 43.0
43.0 36.0
43.0 35.0
43.0 36.0
43.0 36.0
43.0 35.0
45.0 39.0
43.0 39.0
44.0 37.0
43.0 46.0
42.0 40.0
44.0 39.0
49.0 40.0
48.0 39.0
44.0 42.0
42.0 43.0
40.0 44.0
46.0 48.0
40.0 44.0
44.0 52.0
41.0 43.0
40.0 44.0
42.0 43.0
40.0 45.0
48.0 50.0
44.0 45.0
42.0 46.0
45.0 37.0
43.0 89.0
45.0 35.0
44.0 35.0
44.0 35.0
43.0 88.0
50.0 38.0
41.0 37.0
46.0 33.0
43.0 30.0
45.0 30.0
48.0 29.0
44.0 31.0
44.0 30.0
46.0 29.0
46.0 28.0
48.0 30.0
48.0 29.0
46.0 28.0
54.0 28.0
50.0 30.0
47.0 35.0
47.0 29.0
48.0 33.0
50.0 32.0
46.0 31.0
46.0 35.0
45.0 38.0
46.0 32.0
44.0 33.0
45.0 35.0
44.0 37.0
44.0 39.0
43.0 39.0
42.0 38.0
41.0 40.0
40.0 39.0
42.0 43.0
40.0 50.0
44.0 42.0
40.0 45.0
45.0 45.0
38.0 42.0
38.0 43.0
41.0 41.0
41.0 42.0
39.0 40.0
40.0 41.0
39.0 39.0
42.0 48.0
44.0 40.0
39.0 42.0
46.0 44.0
40.0 43.0
37.0 43.0
43.0 43.0
41.0 43.0
37.0 45.0
36.0 47.0
35.0 45.0
35.0 48.0
35.0 48.0
48.0 51.0
33.0 54.0
33.0 48.0
35.0 48.0
34.0 48.0
42.0 46.0
42.0 46.0
37.0 49.0
39.0 46.0
40.0 45.0
42.0 49.0
41.0 44.0
41.0 55.0
42.0 44.0
43.0 51.0
44.0 39.0
49.0 40.0
55.0 37.0
49.0 37.0
47.0 38.0
49.0 36.0
48.0 36.0
49.0 33.0
49.0 35.0
54.0 38.0
50.0 30.0
52.0 31.0
52.0 28.0
50.0 26.0
51.0 30.0
53.0 32.0
51.0 29.0
51.0 27.0
51.0 130.0
52.0 29.0
56.0 28.0
52.0 29.0
51.0 44.0
52.0 38.0
51.0 36.0
51.0 52.0
51.0 48.0
48.0 70.0
50.0 59.0
49.0 52.0
51.0 48.0
49.0 40.0
50.0 39.0
53.0 39.0
51.0 37.0
56.0 38.0
54.0 43.0
57.0 39.0
54.0 46.0
56.0 46.0
53.0 42.0
55.0 43.0
55.0 50.0
54.0 46.0
54.0 44.0
55.0 54.0
54.0 47.0
55.0 46.0
54.0 46.0
55.0 49.0
56.0 47.0
57.0 45.0
57.0 44.0
61.0 44.0
71.0 43.0
64.0 42.0
63.0 41.0
66.0 49.0
65.0 41.0
65.0 39.0
66.0 53.0
65.0 37.0
69.0 38.0
69.0 38.0
72.0 36.0
68.0 38.0
72.0 39.0
69.0 36.0
67.0 31.0
71.0 35.0
71.0 31.0
67.0 40.0
66.0 82.0
68.0 33.0
69.0 34.0
68.0 34.0
68.0 35.0
67.0 37.0
63.0 36.0
62.0 34.0
66.0 37.0
60.0 37.0
66.0 42.0
59.0 36.0
58.0 38.0
56.0 38.0
59.0 41.0
54.0 39.0
57.0 38.0
52.0 39.0
52.0 49.0
52.0 45.0
53.0 40.0
49.0 53.0
50.0 41.0
47.0 40.0
46.0 51.0
46.0 40.0
46.0 46.0
48.0 42.0
44.0 52.0
42.0 44.0
45.0 47.0
47.0 53.0
42.0 43.0
45.0 47.0
39.0 44.0
39.0 42.0
38.0 43.0
37.0 42.0
34.0 43.0
36.0 43.0
35.0 46.0
33.0 43.0
34.0 44.0
38.0 50.0
33.0 52.0
32.0 44.0
34.0 42.0
34.0 40.0
37.0 43.0
36.0 48.0
32.0 42.0
29.0 43.0
27.0 48.0
27.0 41.0
26.0 43.0
27.0 39.0
26.0 36.0
33.0 36.0
47.0 37.0
33.0 35.0
33.0 34.0
38.0 35.0
37.0 33.0
39.0 38.0
44.0 33.0
45.0 33.0
43.0 32.0
41.0 33.0
41.0 34.0
37.0 35.0
39.0 37.0
43.0 36.0
38.0 37.0
39.0 36.0
40.0 38.0
37.0 43.0
42.0 40.0
40.0 39.0
38.0 43.0
40.0 41.0
40.0 44.0
40.0 51.0
42.0 53.0
47.0 45.0
41.0 51.0
42.0 49.0
48.0 47.0
42.0 48.0
43.0 47.0
42.0 48.0
44.0 61.0
43.0 46.0
100.0 46.0
47.0 49.0
46.0 45.0
44.0 46.0
47.0 47.0
46.0 49.0
49.0 50.0
48.0 46.0
48.0 43.0
51.0 45.0
47.0 55.0
48.0 54.0
48.0 40.0
49.0 38.0
50.0 40.0
52.0 37.0
52.0 35.0
53.0 41.0
56.0 37.0
64.0 34.0
56.0 32.0
56.0 29.0
56.0 40.0
57.0 29.0
58.0 35.0
58.0 30.0
59.0 24.0
60.0 23.0
63.0 23.0
62.0 22.0
61.0 22.0
64.0 21.0
65.0 21.0
66.0 20.0
63.0 18.0
64.0 16.0
66.0 24.0
64.0 14.0
64.0 15.0
65.0 24.0
66.0 26.0
65.0 15.0
66.0 21.0
63.0 123.0
63.0 26.0
61.0 34.0
65.0 48.0
58.0 35.0
61.0 35.0
64.0 38.0
57.0 39.0
55.0 38.0
55.0 35.0
53.0 40.0
59.0 37.0
56.0 35.0
48.0 33.0
52.0 37.0
47.0 35.0
53.0 38.0
50.0 36.0
45.0 38.0
44.0 39.0
44.0 46.0
43.0 48.0
56.0 43.0
44.0 47.0
46.0 48.0
39.0 48.0
36.0 49.0
36.0 45.0
37.0 52.0
35.0 48.0
40.0 46.0
38.0 87.0
37.0 44.0
38.0 41.0
39.0 42.0
38.0 46.0
33.0 45.0
34.0 45.0
32.0 48.0
40.0 41.0
33.0 45.0
34.0 44.0
38.0 100.0
34.0 40.0
32.0 40.0
909.0 46.0
33.0 41.0
35.0 41.0
36.0 42.0
33.0 38.0
34.0 40.0
32.0 45.0
33.0 38.0
34.0 39.0
38.0 42.0
34.0 39.0
35.0 43.0
35.0 42.0
40.0 41.0
36.0 39.0
46.0 44.0
36.0 38.0
43.0 45.0
44.0 36.0
43.0 40.0
49.0 35.0
45.0 37.0
46.0 35.0
45.0 36.0
47.0 32.0
48.0 37.0
46.0 30.0
46.0 32.0
53.0 35.0
48.0 24.0
50.0 25.0
55.0 30.0
50.0 23.0
52.0 24.0
48.0 29.0
46.0 26.0
46.0 31.0
45.0 22.0
54.0 24.0
52.0 25.0
54.0 24.0
54.0 24.0
54.0 25.0
57.0 25.0
54.0 24.0
54.0 24.0
54.0 35.0
56.0 32.0
50.0 32.0
53.0 32.0
57.0 122.0
51.0 29.0
50.0 28.0
54.0 37.0
49.0 30.0
48.0 31.0
51.0 137.0
49.0 33.0
47.0 31.0
46.0 31.0
53.0 28.0
49.0 33.0
45.0 32.0
45.0 42.0
46.0 30.0
47.0 40.0
44.0 33.0
44.0 29.0
43.0 32.0
42.0 125.0
48.0 40.0
42.0 39.0
42.0 42.0
42.0 36.0
41.0 50.0
46.0 35.0
42.0 44.0
47.0 35.0
44.0 35.0
47.0 34.0
50.0 43.0
48.0 38.0
49.0 34.0
49.0 31.0
53.0 31.0
54.0 29.0
49.0 30.0
50.0 28.0
51.0 27.0
50.0 26.0
54.0 28.0
53.0 31.0
52.0 23.0
51.0 40.0
53.0 29.0
51.0 22.0
54.0 21.0
53.0 22.0
50.0 23.0
55.0 29.0
52.0 24.0
54.0 26.0
48.0 31.0
50.0 31.0
47.0 33.0
48.0 35.0
43.0 36.0
45.0 43.0
46.0 37.0
45.0 44.0
43.0 42.0
43.0 45.0
37.0 41.0
39.0 45.0
37.0 54.0
35.0 47.0
36.0 46.0
35.0 49.0
34.0 50.0
35.0 48.0
33.0 54.0
33.0 48.0
36.0 48.0
35.0 6.0
36.0 53.0
30.0 50.0
36.0 59.0
31.0 52.0
30.0 54.0
29.0 50.0
32.0 50.0
30.0 49.0
30.0 49.0
39.0 48.0
29.0 48.0
38.0 53.0
107.0 56.0
34.0 57.0
31.0 49.0
34.0 51.0
50.0 49.0
30.0 52.0
34.0 49.0
31.0 48.0
36.0 50.0
31.0 49.0
33.0 49.0
29.0 49.0
28.0 48.0
36.0 49.0
31.0 57.0
30.0 57.0
28.0 62.0
39.0 52.0
28.0 53.0
28.0 58.0
29.0 53.0
32.0 50.0
33.0 48.0
37.0 49.0
33.0 52.0
32.0 47.0
37.0 48.0
36.0 49.0
33.0 47.0
40.0 47.0
35.0 47.0
38.0 49.0
44.0 47.0
38.0 47.0
39.0 47.0
40.0 51.0
40.0 48.0
36.0 47.0
40.0 46.0
37.0 46.0
38.0 53.0
37.0 46.0
37.0 45.0
37.0 48.0
37.0 44.0
45.0 48.0
37.0 44.0
37.0 48.0
39.0 50.0
45.0 43.0
46.0 43.0
41.0 47.0
41.0 44.0
40.0 42.0
41.0 41.0
45.0 47.0
50.0 53.0
40.0 52.0
41.0 50.0
41.0 40.0
42.0 40.0
44.0 41.0
43.0 45.0
47.0 41.0
48.0 40.0
50.0 45.0
46.0 39.0
46.0 38.0
65.0 37.0
47.0 38.0
47.0 37.0
46.0 38.0
46.0 36.0
46.0 35.0
47.0 34.0
46.0 35.0
46.0 35.0
47.0 36.0
48.0 34.0
53.0 42.0
49.0 32.0
49.0 32.0
48.0 33.0
48.0 36.0
49.0 31.0
49.0 32.0
49.0 32.0
50.0 32.0
50.0 39.0
51.0 37.0
52.0 33.0
50.0 31.0
52.0 32.0
51.0 44.0
48.0 41.0
49.0 33.0
50.0 39.0
47.0 41.0
46.0 40.0
48.0 50.0
42.0 43.0
44.0 40.0
42.0 46.0
43.0 57.0
38.0 45.0
37.0 41.0
43.0 40.0
35.0 43.0
35.0 44.0
36.0 43.0
37.0 37.0
36.0 54.0
42.0 35.0
39.0 36.0
41.0 35.0
41.0 36.0
41.0 34.0
42.0 37.0
42.0 34.0
44.0 34.0
41.0 34.0
48.0 36.0
42.0 38.0
44.0 33.0
47.0 42.0
44.0 35.0
42.0 34.0
41.0 36.0
41.0 39.0
55.0 37.0
41.0 44.0
42.0 38.0
40.0 42.0
42.0 38.0
46.0 41.0
45.0 43.0
39.0 751.0
38.0 45.0
38.0 46.0
37.0 44.0
38.0 48.0
38.0 44.0
37.0 43.0
40.0 45.0
41.0 44.0
40.0 43.0
42.0 44.0
44.0 39.0
39.0 39.0
42.0 46.0
44.0 42.0
45.0 45.0
39.0 40.0
40.0 40.0
40.0 39.0
39.0 40.0
40.0 40.0
46.0 41.0
39.0 41.0
37.0 42.0
37.0 46.0
38.0 49.0
36.0 61.0
36.0 57.0
39.0 47.0
39.0 47.0
39.0 44.0
40.0 30.0
40.0 44.0
38.0 44.0
78.0 42.0
38.0 46.0
41.0 41.0
40.0 48.0
39.0 41.0
39.0 43.0
38.0 46.0
44.0 43.0
38.0 47.0
42.0 43.0
41.0 45.0
38.0 46.0
44.0 52.0
37.0 52.0
36.0 46.0
41.0 53.0
37.0 47.0
36.0 60.0
39.0 44.0
38.0 42.0
40.0 46.0
39.0 46.0
40.0 44.0
37.0 49.0
39.0 43.0
43.0 46.0
38.0 45.0
42.0 43.0
37.0 46.0
40.0 43.0
39.0 96.0
38.0 42.0
37.0 42.0
40.0 61.0
38.0 52.0
49.0 47.0
39.0 53.0
42.0 46.0
39.0 42.0
42.0 47.0
43.0 51.0
44.0 38.0
50.0 41.0
49.0 41.0
50.0 40.0
49.0 36.0
47.0 37.0
54.0 36.0
53.0 37.0
52.0 34.0
54.0 34.0
58.0 38.0
56.0 36.0
54.0 39.0
59.0 36.0
55.0 38.0
56.0 42.0
57.0 40.0
59.0 41.0
60.0 41.0
62.0 40.0
60.0 42.0
61.0 37.0
62.0 39.0
65.0 39.0
62.0 38.0
64.0 37.0
64.0 38.0
65.0 40.0
66.0 49.0
65.0 37.0
66.0 37.0
65.0 40.0
64.0 39.0
64.0 39.0
62.0 38.0
66.0 39.0
64.0 48.0
66.0 39.0
72.0 40.0
64.0 44.0
63.0 43.0
59.0 50.0
61.0 49.0
62.0 42.0
56.0 45.0
63.0 41.0
56.0 45.0
58.0 42.0
52.0 44.0
60.0 53.0
51.0 49.0
49.0 60.0
57.0 44.0
48.0 47.0
49.0 45.0
54.0 50.0
48.0 46.0
46.0 44.0
43.0 46.0
44.0 47.0
42.0 48.0
45.0 49.0
39.0 50.0
41.0 48.0
44.0 51.0
37.0 52.0
37.0 53.0
35.0 49.0
34.0 48.0
38.0 48.0
35.0 50.0
38.0 51.0
134.0 46.0
39.0 48.0
49.0 46.0
42.0 47.0
42.0 48.0
48.0 45.0
42.0 41.0
46.0 53.0
44.0 46.0
45.0 39.0
42.0 37.0
45.0 37.0
43.0 39.0
42.0 34.0
42.0 38.0
41.0 38.0
43.0 35.0
42.0 34.0
40.0 35.0
45.0 37.0
40.0 35.0
42.0 37.0
44.0 46.0
40.0 37.0
41.0 38.0
33.0 40.0
33.0 39.0
35.0 50.0
39.0 41.0
29.0 43.0
31.0 50.0
26.0 49.0
119.0 99.0
22.0 53.0
22.0 41.0
21.0 44.0
25.0 44.0
20.0 43.0
22.0 50.0
20.0 47.0
34.0 48.0
22.0 46.0
22.0 44.0
26.0 44.0
30.0 45.0
29.0 52.0
28.0 47.0
28.0 44.0
37.0 46.0
31.0 44.0
30.0 44.0
30.0 44.0
31.0 48.0
33.0 46.0
36.0 43.0
35.0 47.0
40.0 45.0
37.0 44.0
36.0 54.0
38.0 48.0
43.0 44.0
42.0 52.0
43.0 45.0
45.0 47.0
44.0 47.0
48.0 48.0
49.0 51.0
45.0 45.0
46.0 45.0
45.0 48.0
45.0 50.0
43.0 54.0
42.0 51.0
41.0 53.0
42.0 54.0
46.0 52.0
41.0 52.0
44.0 52.0
38.0 57.0
39.0 58.0
38.0 56.0
38.0 54.0
38.0 54.0
36.0 52.0
34.0 54.0
33.0 56.0
37.0 56.0
34.0 53.0
36.0 60.0
34.0 52.0
35.0 60.0
38.0 54.0
34.0 54.0
36.0 54.0
32.0 56.0
40.0 55.0
30.0 54.0
33.0 57.0
35.0 55.0
33.0 112.0
28.0 57.0
27.0 56.0
29.0 55.0
28.0 58.0
27.0 55.0
27.0 54.0
31.0 52.0
30.0 57.0
31.0 57.0
32.0 52.0
30.0 53.0
34.0 58.0
31.0 53.0
33.0 50.0
33.0 21.0
34.0 50.0
31.0 51.0
31.0 49.0
37.0 49.0
33.0 50.0
39.0 49.0
36.0 60.0
37.0 58.0
49.0 53.0
37.0 62.0
38.0 50.0
39.0 49.0
38.0 46.0
37.0 44.0
39.0 42.0
37.0 42.0
45.0 49.0
39.0 43.0
38.0 61.0
44.0 45.0
45.0 48.0
38.0 45.0
40.0 45.0
38.0 50.0
34.0 50.0
36.0 56.0
46.0 44.0
37.0 45.0
37.0 43.0
34.0 48.0
43.0 45.0
34.0 48.0
39.0 47.0
34.0 44.0
35.0 48.0
34.0 47.0
35.0 56.0
33.0 46.0
34.0 49.0
35.0 51.0
34.0 46.0
37.0 46.0
33.0 45.0
34.0 46.0
35.0 53.0
37.0 46.0
33.0 45.0
37.0 49.0
32.0 46.0
31.0 45.0
32.0 51.0
31.0 45.0
35.0 46.0
31.0 45.0
29.0 49.0
30.0 45.0
30.0 47.0
38.0 46.0
32.0 67.0
33.0 41.0
35.0 49.0
34.0 39.0
35.0 47.0
36.0 41.0
36.0 39.0
51.0 53.0
44.0 37.0
42.0 37.0
47.0 35.0
47.0 36.0
43.0 35.0
43.0 38.0
47.0 31.0
45.0 28.0
51.0 27.0
47.0 35.0
47.0 37.0
57.0 30.0
50.0 30.0
49.0 29.0
52.0 26.0
53.0 27.0
51.0 26.0
58.0 27.0
53.0 23.0
51.0 27.0
52.0 27.0
52.0 21.0
53.0 24.0
51.0 29.0
49.0 23.0
51.0 25.0
53.0 35.0
54.0 24.0
50.0 32.0
50.0 25.0
43.0 27.0
43.0 31.0
44.0 34.0
54.0 43.0
48.0 38.0
46.0 35.0
47.0 35.0
46.0 33.0
50.0 33.0
43.0 34.0
43.0 37.0
44.0 40.0
44.0 46.0
42.0 39.0
42.0 46.0
43.0 39.0
49.0 44.0
45.0 37.0
45.0 38.0
46.0 36.0
51.0 35.0
47.0 36.0
49.0 40.0
48.0 37.0
48.0 38.0
47.0 36.0
47.0 29.0
50.0 31.0
50.0 30.0
49.0 28.0
47.0 31.0
46.0 42.0
46.0 37.0
47.0 42.0
45.0 38.0
45.0 34.0
44.0 30.0
46.0 29.0
46.0 34.0
44.0 37.0
45.0 35.0
46.0 35.0
43.0 34.0
44.0 36.0
42.0 37.0
48.0 41.0
43.0 42.0
41.0 54.0
43.0 41.0
47.0 42.0
39.0 43.0
37.0 41.0
81.0 40.0
36.0 50.0
38.0 43.0
36.0 42.0
36.0 48.0
39.0 43.0
35.0 43.0
35.0 42.0
39.0 40.0
34.0 42.0
36.0 47.0
36.0 44.0
35.0 42.0
32.0 436.0
31.0 43.0
31.0 51.0
34.0 47.0
37.0 44.0
36.0 47.0
42.0 39.0
43.0 39.0
40.0 40.0
41.0 37.0
40.0 38.0
43.0 42.0
43.0 42.0
45.0 38.0
44.0 35.0
44.0 35.0
46.0 49.0
48.0 38.0
48.0 40.0
54.0 38.0
58.0 35.0
48.0 125.0
48.0 28.0
47.0 28.0
48.0 30.0
48.0 29.0
52.0 30.0
55.0 29.0
52.0 31.0
55.0 32.0
51.0 31.0
54.0 29.0
58.0 31.0
52.0 26.0
55.0 27.0
51.0 32.0
52.0 31.0
50.0 38.0
49.0 36.0
47.0 44.0
49.0 40.0
48.0 42.0
45.0 39.0
53.0 41.0
42.0 45.0
46.0 45.0
42.0 47.0
41.0 43.0
39.0 46.0
36.0 50.0
36.0 46.0
36.0 54.0
34.0 44.0
34.0 47.0
37.0 47.0
36.0 44.0
35.0 45.0
38.0 47.0
32.0 54.0
34.0 45.0
32.0 48.0
33.0 48.0
34.0 48.0
33.0 49.0
39.0 46.0
31.0 47.0
34.0 47.0
36.0 48.0
33.0 47.0
35.0 48.0
34.0 50.0
32.0 55.0
39.0 50.0
35.0 48.0
34.0 49.0
36.0 50.0
33.0 52.0
31.0 50.0
33.0 50.0
36.0 52.0
33.0 53.0
38.0 56.0
29.0 56.0
29.0 54.0
39.0 57.0
33.0 55.0
30.0 55.0
35.0 53.0
38.0 55.0
34.0 55.0
34.0 54.0
26.0 56.0
32.0 54.0
31.0 62.0
134.0 58.0
47.0 33.0
30.0 54.0
35.0 52.0
36.0 49.0
37.0 52.0
35.0 50.0
35.0 54.0
36.0 49.0
38.0 47.0
37.0 52.0
37.0 45.0
40.0 57.0
45.0 50.0
46.0 50.0
47.0 48.0
45.0 46.0
46.0 46.0
49.0 45.0
46.0 41.0
47.0 45.0
52.0 37.0
48.0 39.0
46.0 38.0
47.0 44.0
46.0 40.0
49.0 43.0
45.0 42.0
46.0 42.0
43.0 40.0
42.0 48.0
44.0 42.0
48.0 40.0
41.0 44.0
42.0 40.0
42.0 49.0
46.0 44.0
37.0 48.0
37.0 45.0
37.0 44.0
37.0 45.0
35.0 47.0
34.0 48.0
33.0 48.0
42.0 52.0
33.0 50.0
34.0 62.0
47.0 56.0
34.0 61.0
30.0 59.0
29.0 54.0
30.0 53.0
31.0 52.0
32.0 53.0
34.0 53.0
30.0 59.0
32.0 52.0
32.0 51.0
30.0 52.0
33.0 51.0
32.0 53.0
33.0 53.0
32.0 53.0
31.0 56.0
37.0 51.0
31.0 63.0
35.0 58.0
35.0 51.0
32.0 50.0
37.0 59.0
35.0 103.0
34.0 122.0
38.0 51.0
35.0 72.0
37.0 50.0
37.0 43.0
36.0 42.0
45.0 39.0
37.0 40.0
40.0 37.0
44.0 35.0
43.0 38.0
44.0 40.0
44.0 37.0
44.0 40.0
44.0 36.0
48.0 30.0
46.0 30.0
49.0 29.0
49.0 27.0
48.0 26.0
48.0 27.0
48.0 35.0
48.0 26.0
48.0 32.0
51.0 42.0
50.0 35.0
48.0 34.0
48.0 31.0
49.0 32.0
50.0 35.0
47.0 41.0
48.0 36.0
47.0 35.0
48.0 40.0
46.0 34.0
44.0 42.0
44.0 37.0
43.0 39.0
44.0 42.0
42.0 38.0
44.0 43.0
40.0 42.0
41.0 51.0
40.0 45.0
47.0 46.0
42.0 42.0
39.0 43.0
39.0 44.0
39.0 41.0
44.0 52.0
45.0 37.0
41.0 39.0
42.0 39.0
44.0 37.0
43.0 35.0
44.0 40.0
43.0 35.0
45.0 45.0
43.0 44.0
44.0 42.0
44.0 35.0
46.0 37.0
46.0 40.0
44.0 37.0
45.0 40.0
49.0 41.0
45.0 38.0
45.0 36.0
44.0 36.0
45.0 37.0
46.0 38.0
45.0 39.0
42.0 38.0
44.0 43.0
43.0 48.0
45.0 43.0
44.0 46.0
44.0 42.0
39.0 50.0
40.0 48.0
41.0 51.0
37.0 60.0
37.0 54.0
38.0 52.0
39.0 43.0
36.0 44.0
41.0 44.0
42.0 51.0
42.0 43.0
40.0 47.0
48.0 48.0
40.0 42.0
41.0 45.0
41.0 38.0
41.0 39.0
40.0 37.0
41.0 38.0
42.0 49.0
42.0 44.0
41.0 147.0
42.0 56.0
43.0 44.0
42.0 42.0
41.0 40.0
40.0 44.0
43.0 46.0
40.0 45.0
39.0 49.0
41.0 46.0
50.0 48.0
42.0 46.0
47.0 41.0
47.0 42.0
50.0 40.0
49.0 41.0
50.0 38.0
49.0 49.0
50.0 42.0
52.0 45.0
50.0 42.0
50.0 44.0
53.0 45.0
51.0 46.0
52.0 47.0
51.0 43.0
55.0 43.0
52.0 44.0
55.0 49.0
55.0 41.0
56.0 43.0
59.0 43.0
58.0 46.0
60.0 44.0
59.0 41.0
61.0 42.0
63.0 46.0
62.0 40.0
61.0 40.0
65.0 47.0
64.0 41.0
63.0 41.0
62.0 41.0
63.0 44.0
65.0 40.0
61.0 43.0
61.0 43.0
62.0 42.0
60.0 42.0
63.0 40.0
62.0 47.0
62.0 44.0
58.0 49.0
57.0 42.0
57.0 45.0
57.0 48.0
55.0 44.0
56.0 44.0
53.0 45.0
53.0 44.0
50.0 45.0
52.0 46.0
50.0 47.0
47.0 46.0
49.0 46.0
47.0 54.0
51.0 47.0
46.0 49.0
39.0 54.0
43.0 52.0
39.0 54.0
37.0 53.0
39.0 56.0
34.0 54.0
38.0 55.0
34.0 56.0
35.0 55.0
34.0 54.0
30.0 55.0
30.0 58.0
32.0 56.0
32.0 52.0
29.0 55.0
35.0 56.0
31.0 52.0
30.0 53.0
29.0 57.0
28.0 59.0
27.0 51.0
28.0 50.0
28.0 50.0
27.0 48.0
27.0 48.0
32.0 48.0
27.0 47.0
28.0 47.0
26.0 46.0
25.0 45.0
26.0 45.0
27.0 44.0
23.0 44.0
23.0 44.0
115.0 46.0
23.0 43.0
22.0 42.0
25.0 44.0
22.0 45.0
28.0 40.0
32.0 47.0
113.0 39.0
34.0 47.0
36.0 42.0
32.0 37.0
33.0 36.0
40.0 37.0
32.0 36.0
37.0 38.0
43.0 35.0
37.0 35.0
31.0 36.0
35.0 38.0
83.0 42.0
39.0 46.0
31.0 51.0
31.0 48.0
30.0 49.0
33.0 45.0
30.0 52.0
29.0 51.0
29.0 49.0
29.0 52.0
37.0 52.0
29.0 58.0
28.0 56.0
28.0 71.0
29.0 60.0
29.0 57.0
28.0 57.0
27.0 66.0
26.0 65.0
27.0 59.0
27.0 61.0
28.0 68.0
34.0 64.0
31.0 59.0
33.0 60.0
33.0 62.0
29.0 70.0
31.0 63.0
29.0 63.0
29.0 68.0
32.0 61.0
27.0 61.0
27.0 59.0
28.0 58.0
28.0 59.0
31.0 60.0
27.0 60.0
33.0 63.0
27.0 62.0
29.0 57.0
32.0 1.0
29.0 57.0
29.0 58.0
28.0 57.0
29.0 58.0
32.0 63.0
30.0 57.0
30.0 57.0
29.0 57.0
26.0 55.0
30.0 55.0
27.0 57.0
25.0 62.0
24.0 57.0
29.0 59.0
25.0 60.0
25.0 59.0
24.0 58.0
52.0 58.0
28.0 59.0
26.0 56.0
30.0 57.0
32.0 54.0
35.0 54.0
31.0 63.0
33.0 50.0
31.0 52.0
32.0 49.0
35.0 50.0
37.0 49.0
35.0 62.0
36.0 52.0
34.0 53.0
35.0 49.0
35.0 55.0
35.0 49.0
33.0 52.0
32.0 50.0
42.0 48.0
34.0 49.0
35.0 48.0
39.0 48.0
34.0 48.0
38.0 45.0
39.0 56.0
44.0 45.0
43.0 46.0
37.0 48.0
44.0 42.0
37.0 43.0
43.0 44.0
44.0 43.0
39.0 46.0
40.0 42.0
44.0 47.0
36.0 47.0
39.0 48.0
36.0 54.0
36.0 46.0
35.0 60.0
33.0 46.0
41.0 48.0
33.0 52.0
38.0 48.0
34.0 50.0
34.0 47.0
30.0 47.0
32.0 47.0
32.0 48.0
34.0 48.0
39.0 47.0
34.0 46.0
35.0 46.0
37.0 47.0
40.0 44.0
33.0 43.0
36.0 45.0
34.0 47.0
32.0 46.0
32.0 44.0
31.0 49.0
35.0 42.0
43.0 46.0
41.0 53.0
30.0 0.0
117.0 57.0
19.0 59.0
19.0 61.0
29.0 58.0
26.0 57.0
31.0 56.0
29.0 54.0
22.0 56.0
23.0 52.0
24.0 52.0
25.0 53.0
30.0 53.0
30.0 53.0
29.0 50.0
29.0 53.0
29.0 56.0
26.0 51.0
29.0 49.0
34.0 52.0
28.0 48.0
28.0 49.0
34.0 58.0
32.0 48.0
34.0 50.0
